-0.00000139456787335545
-0.00000159750378231198
0.00000256101282816104
0.00000420386963095335
0.00000348782732861365
-0.00000609371501205240
0.00000163492285491518
0.00000040315071323406
0.00000126041401612267
-0.00000234849289842002
-0.00000202226937983913
-0.00000166055845826729
-0.00000291150789967756
-0.00000073740887592540
-0.00000078787658849969
0.00000808065891989037
0.00000362541253461360
0.00000346955726994798
-0.00000514688158130189
-0.00000896539934208440
0.00000112349801448142
-0.00038544746251649182
-0.00980269227543305660
0.00682738127218239340
-0.00197950586135792450
0.01071150147172628800
-0.01700926666415808100
24.87280117699562300000
-0.00000381585758080114
-0.00000159750378231102
0.00000256101282815279
0.00000420386963095187
0.00000348782732861213
-0.00000609371501205386
-0.00000765743653208036
0.00001904024663573562
0.00000072502337485586
0.00000349178185067438
-0.00001936992005009382
-0.00000166055845826519
-0.00000291150789967896
-0.00000073740887592250
-0.00000078787658850232
0.00000808065891989335
0.00000362541253460605
0.00000346955726995548
-0.00000514688158129950
-0.00000896539934208382
0.00000112349801448301
-0.01163802951955808200
-0.00980269227543306700
0.00682738127218364150
-0.00197950586135887780
0.01071150147172705800
-0.01700926666415955900
24.87280117699563700000
-0.00000381585758080112
-0.00000139456787335558
0.00000256101282815219
0.00000420386963095359
0.00000348782732861255
-0.00000609371501205415
0.00000386141044069356
0.00001904024663573637
0.00000072502337485699
0.00000349178185067355
-0.00001936992005009550
-0.00000040315071324126
-0.00000126041401612154
0.00000234849289841661
0.00000202226937983931
0.00000808065891989386
0.00000362541253460526
0.00000346955726995589
-0.00000514688158130164
-0.00000896539934208568
0.00000112349801448453
-0.01163802951955822900
0.00038544746251725813
0.00682738127218382800
-0.00197950586135884920
0.01071150147172699600
-0.01700926666415976400
24.87280117699558700000
-0.00000381585758080106
-0.00000139456787335558
-0.00000159750378231150
0.00000420386963095480
0.00000348782732861259
-0.00000609371501205388
0.00000386141044069206
0.00000765743653207945
0.00000072502337485841
0.00000349178185067165
-0.00001936992005009497
0.00000163492285490983
-0.00000126041401612227
0.00000234849289841624
0.00000202226937983959
0.00000291150789967902
0.00000073740887592154
0.00000078787658850290
-0.00000514688158130335
-0.00000896539934208668
0.00000112349801448598
-0.01163802951955805700
0.00038544746251703175
0.00980269227543322660
-0.00197950586135906860
0.01071150147172713500
-0.01700926666415935500
24.87280117699557600000
-0.00000381585758080117
-0.00000139456787335562
-0.00000159750378231129
0.00000256101282815244
0.00000348782732861270
-0.00000609371501205376
0.00000386141044069398
0.00000765743653207998
-0.00001904024663573609
0.00000349178185067437
-0.00001936992005009500
0.00000163492285491105
0.00000040315071324118
0.00000234849289841728
0.00000202226937983938
-0.00000166055845826486
0.00000073740887592254
0.00000078787658850201
-0.00000362541253460587
-0.00000346955726995520
0.00000112349801448357
-0.01163802951955805000
0.00038544746251730801
0.00980269227543316760
-0.00682738127218394160
0.01071150147172733600
-0.01700926666415970800
24.87280117699554800000
-0.00000381585758080112
-0.00000139456787335577
-0.00000159750378231130
0.00000256101282815287
0.00000420386963095343
-0.00000609371501205330
0.00000386141044069372
0.00000765743653207989
-0.00001904024663573576
-0.00000072502337485641
-0.00001936992005009478
0.00000163492285491083
0.00000040315071324142
0.00000126041401612184
0.00000202226937983940
-0.00000166055845826480
-0.00000291150789967884
0.00000078787658850203
0.00000808065891989437
-0.00000346955726995436
0.00000896539934208586
-0.01163802951955796000
0.00038544746251731711
0.00980269227543310170
-0.00682738127218385310
0.00197950586135906950
-0.01700926666415956300
24.87280117699560500000
-0.00000381585758080118
-0.00000139456787335570
-0.00000159750378231136
0.00000256101282815365
0.00000420386963095366
0.00000348782732861282
0.00000386141044069434
0.00000765743653207986
-0.00001904024663573689
-0.00000072502337485689
-0.00000349178185067364
0.00000163492285491109
0.00000040315071324034
0.00000126041401612144
-0.00000234849289841677
-0.00000166055845826465
-0.00000291150789967850
-0.00000073740887592283
0.00000808065891989472
0.00000362541253460509
-0.00000514688158130206
-0.01163802951955827900
0.00038544746251727201
0.00980269227543309990
-0.00682738127218376640
0.00197950586135881100
-0.01071150147172687800
24.87280117699562300000
0.00000336147476292556
0.00000076337910923911
-0.00000573778122881314
0.00000139325102817750
-0.00000163484926381032
0.00000456107489892342
-0.00000866892224143045
0.00000027834070969116
-0.00000325058252779077
0.00000561339608181905
0.00000672346587919177
0.00000888259140941270
-0.00000239888009022888
0.00000421760734991247
-0.00000575986316013229
0.00000593835318866760
-0.00001386328551093327
0.00000123972762190179
0.00000053111862290480
0.00000470334136608569
0.00000372411007331583
-0.00317048869495920520
-0.00580972469315515790
-0.00217386958586286440
0.01142153942162926600
-0.00799184302735453030
0.01491873405924783200
24.03040772509029600000
0.00001061706807902755
0.00000076337910923933
-0.00000573778122880888
0.00000139325102817557
-0.00000163484926381072
0.00000456107489892252
-0.00000220070851398840
-0.00000899983503888110
0.00000830985261599119
-0.00000304675191060007
0.00001975293157820484
0.00000888259140941042
-0.00000239888009022808
0.00000421760734991067
-0.00000575986316013120
0.00000593835318866415
-0.00001386328551092531
0.00000123972762189977
0.00000053111862290767
0.00000470334136608762
0.00000372411007331129
0.00719434747954413810
-0.00580972469315522640
-0.00217386958586158420
0.01142153942162828600
-0.00799184302735378780
0.01491873405924636800
24.03040772509029200000
0.00001061706807902764
0.00000336147476292561
-0.00000573778122880695
0.00000139325102817639
-0.00000163484926381082
0.00000456107489892389
-0.00000741864742732865
-0.00000899983503888036
0.00000830985261599184
-0.00000304675191060062
0.00001975293157820361
-0.00000027834070968744
0.00000325058252779161
-0.00000561339608181809
-0.00000672346587919268
0.00000593835318866632
-0.00001386328551092735
0.00000123972762189586
0.00000053111862290666
0.00000470334136608598
0.00000372411007331230
0.00719434747954438010
0.00317048869495997540
-0.00217386958586156430
0.01142153942162847100
-0.00799184302735384160
0.01491873405924645600
24.03040772509039200000
0.00001061706807902752
0.00000336147476292568
0.00000076337910923913
0.00000139325102817558
-0.00000163484926381031
0.00000456107489892263
-0.00000741864742732808
0.00000220070851398832
0.00000830985261599043
-0.00000304675191059896
0.00001975293157820386
-0.00000866892224142822
0.00000325058252779138
-0.00000561339608181716
-0.00000672346587919232
0.00000239888009022796
-0.00000421760734991016
0.00000575986316013086
0.00000053111862290744
0.00000470334136608763
0.00000372411007331092
0.00719434747954436630
0.00317048869495973640
0.00580972469315530620
0.01142153942162820200
-0.00799184302735367510
0.01491873405924673200
24.03040772509033500000
0.00001061706807902764
0.00000336147476292555
0.00000076337910923912
-0.00000573778122880815
-0.00000163484926381033
0.00000456107489892342
-0.00000741864742732840
0.00000220070851398789
0.00000899983503888075
-0.00000304675191060064
0.00001975293157820409
-0.00000866892224142862
0.00000027834070968810
-0.00000561339608181709
-0.00000672346587919174
0.00000888259140941052
-0.00000421760734991102
0.00000575986316013076
0.00001386328551092699
-0.00000123972762189775
0.00000372411007331272
0.00719434747954440360
0.00317048869496005390
0.00580972469315524120
0.00217386958586139510
-0.00799184302735351720
0.01491873405924644700
24.03040772509033800000
0.00001061706807902753
0.00000336147476292520
0.00000076337910923902
-0.00000573778122880817
0.00000139325102817660
0.00000456107489892323
-0.00000741864742732834
0.00000220070851398787
0.00000899983503888034
-0.00000830985261599144
0.00001975293157820353
-0.00000866892224142839
0.00000027834070968887
-0.00000325058252779078
-0.00000672346587919106
0.00000888259140941018
-0.00000239888009022832
0.00000575986316013036
0.00000593835318866540
-0.00000123972762189794
-0.00000470334136608592
0.00719434747954427260
0.00317048869496003350
0.00580972469315521950
0.00217386958586137080
-0.01142153942162808800
0.01491873405924633500
24.03040772509025700000
0.00001061706807902760
0.00000336147476292549
0.00000076337910923901
-0.00000573778122880746
0.00000139325102817679
-0.00000163484926381042
-0.00000741864742732812
0.00000220070851398789
0.00000899983503887979
-0.00000830985261599217
0.00000304675191060070
-0.00000866892224142855
0.00000027834070968758
-0.00000325058252779124
0.00000561339608181745
0.00000888259140941073
-0.00000239888009022817
0.00000421760734991092
0.00000593835318866601
-0.00001386328551092663
0.00000053111862290608
0.00719434747954417890
0.00317048869495999320
0.00580972469315519430
0.00217386958586145500
-0.01142153942162847500
0.00799184302735393360
24.03040772509035200000
