-0.00000020324734792903
-0.00000005446324677322
0.00000064922008440622
-0.00000007431545690282
0.00000375910688856628
-0.00000018279154387812
0.00000111720957686831
0.00000208223386995956
-0.00000004511292206260
-0.00000515512771759121
0.00000105693777628405
-0.00000032766516777382
-0.00000018928448227549
0.00000017848855458680
-0.00000057721763542624
0.00000205267074031019
-0.00000433870656137246
-0.00000120824222692007
-0.00000031096536412001
0.00000094770365730389
0.00000104716947335525
0.01315376688930741000
-0.00143428350430989610
-0.00348518703923933690
-0.00720143586775759920
-0.00068015373679538725
-0.00032698473928299582
25.43855514640568000000
0.00000022360094861545
-0.00000005446324677325
0.00000064922008440413
-0.00000007431545690716
0.00000375910688856674
-0.00000018279154388025
0.00000009260435243321
-0.00000044126917698667
0.00000230638071535466
-0.00000106092783801126
0.00000090076795683963
-0.00000032766516777356
-0.00000018928448227526
0.00000017848855458632
-0.00000057721763542587
0.00000205267074031750
-0.00000433870656137687
-0.00000120824222692433
-0.00000031096536411681
0.00000094770365730950
0.00000104716947335123
0.00002572200192266184
-0.00143428350430983320
-0.00348518703923929740
-0.00720143586775780390
-0.00068015373679579730
-0.00032698473928340278
25.43855514640569000000
0.00000022360094861543
-0.00000020324734792949
0.00000064922008440596
-0.00000007431545690304
0.00000375910688856606
-0.00000018279154387798
0.00000135035411240024
-0.00000044126917698389
0.00000230638071535026
-0.00000106092783800901
0.00000090076795684065
-0.00000208223386995801
0.00000004511292206160
0.00000515512771759011
-0.00000105693777628419
0.00000205267074031106
-0.00000433870656137171
-0.00000120824222691928
-0.00000031096536412080
0.00000094770365730299
0.00000104716947335483
0.00002572200192220387
-0.01315376688930754200
-0.00348518703923939800
-0.00720143586775773890
-0.00068015373679533131
-0.00032698473928301187
25.43855514640568300000
0.00000022360094861542
-0.00000020324734792920
-0.00000005446324677315
-0.00000007431545690265
0.00000375910688856610
-0.00000018279154387808
0.00000135035411239969
-0.00000009260435243314
0.00000230638071535021
-0.00000106092783800877
0.00000090076795683986
0.00000111720957686667
0.00000004511292206242
0.00000515512771759107
-0.00000105693777628315
0.00000018928448227663
-0.00000017848855458757
0.00000057721763542498
-0.00000031096536411988
0.00000094770365730314
0.00000104716947335669
0.00002572200192225722
-0.01315376688930750500
0.00143428350430984580
-0.00720143586775769900
-0.00068015373679533087
-0.00032698473928304895
25.43855514640567600000
0.00000022360094860589
-0.00000020324734803350
-0.00000005446324677263
0.00000064922008440477
0.00000375910688859491
-0.00000018279154390310
0.00000135035411247061
-0.00000009260435243350
0.00000044126917698458
-0.00000106092783798767
0.00000090076795688344
0.00000111720957686799
0.00000208223386997153
0.00000515512771756302
-0.00000105693777640521
-0.00000032766516777498
-0.00000017848855458970
0.00000057721763542687
0.00000433870656139410
0.00000120824222691545
0.00000104716947330797
0.00002572200196146197
-0.01315376688945740600
0.00143428350430568720
0.00348518703922165220
-0.00068015373689452410
-0.00032698473934403283
25.43855514640568700000
0.00000022360094860806
-0.00000020324734802271
-0.00000005446324677270
0.00000064922008439657
-0.00000007431545691350
-0.00000018279154391120
0.00000135035411246147
-0.00000009260435243346
0.00000044126917697932
-0.00000230638071532072
0.00000090076795688485
0.00000111720957687178
0.00000208223386999242
-0.00000004511292211562
-0.00000105693777640371
-0.00000032766516777821
-0.00000018928448227926
0.00000057721763543015
0.00000205267074033520
0.00000120824222694118
-0.00000094770365733630
0.00002572200194814796
-0.01315376688945199200
0.00143428350431412800
0.00348518703925361360
0.00720143586768671150
-0.00032698473938062140
25.43855514640568300000
0.00000022360094860589
-0.00000020324734803668
-0.00000005446324677267
0.00000064922008440294
-0.00000007431545690800
0.00000375910688859611
0.00000135035411247372
-0.00000009260435243423
0.00000044126917698447
-0.00000230638071532939
0.00000106092783798034
0.00000111720957687000
0.00000208223386996779
-0.00000004511292210034
-0.00000515512771755043
-0.00000032766516777614
-0.00000018928448227987
0.00000017848855459400
0.00000205267074032411
-0.00000433870656138910
-0.00000031096536412848
0.00002572200195749335
-0.01315376688945441000
0.00143428350431347660
0.00348518703922567160
0.00720143586770571020
0.00068015373690483443
25.43855514640567300000
-0.00000088194643043421
0.00000003545670044347
0.00000190127580108631
-0.00000096986892157955
0.00000200070529586018
0.00000046724166143492
-0.00000100321342584660
-0.00000104805372487877
0.00000547789825068391
-0.00000474615840860448
0.00000118750137128668
0.00000016900109803553
0.00000110148047897851
-0.00000110443654100136
0.00000045276126632001
-0.00000045035488300879
-0.00000402759526461032
0.00000103529269089394
0.00000243263441365300
-0.00000146966597758078
-0.00000139060061506589
0.00633491582048523360
0.00276826116154113050
-0.00744716984649252800
0.00033514731606694307
0.00428584079512300560
0.00305460776033825850
17.15296565353612500000
-0.00000083064516393429
0.00000003545670044344
0.00000190127580108483
-0.00000096986892158223
0.00000200070529585984
0.00000046724166143358
-0.00000031349372262689
-0.00000051915848139753
0.00000515225443956941
-0.00000483474582390984
0.00000074977205872332
0.00000016900109803575
0.00000110148047897878
-0.00000110443654100185
0.00000045276126632024
-0.00000045035488300451
-0.00000402759526461209
0.00000103529269089181
0.00000243263441365513
-0.00000146966597757749
-0.00000139060061506897
0.00933160300706235150
0.00276826116154119330
-0.00744716984649249680
0.00033514731606678412
0.00428584079512273760
0.00305460776033801040
17.15296565353615300000
-0.00000083064516393428
-0.00000088194643043429
0.00000190127580108623
-0.00000096986892158018
0.00000200070529586001
0.00000046724166143510
0.00000189591879822781
-0.00000051915848139569
0.00000515225443956692
-0.00000483474582390870
0.00000074977205872369
0.00000104805372488068
-0.00000547789825068434
0.00000474615840860312
-0.00000118750137128648
-0.00000045035488300754
-0.00000402759526461012
0.00000103529269089491
0.00000243263441365272
-0.00000146966597758110
-0.00000139060061506665
0.00933160300706200460
-0.00633491582048522660
-0.00744716984649241260
0.00033514731606688918
0.00428584079512284600
0.00305460776033834830
17.15296565353622400000
-0.00000083064516393427
-0.00000088194643043406
0.00000003545670044355
-0.00000096986892157777
0.00000200070529586073
0.00000046724166143528
0.00000189591879822798
0.00000031349372262686
0.00000515225443956508
-0.00000483474582390802
0.00000074977205872393
-0.00000100321342584785
-0.00000547789825068395
0.00000474615840860628
-0.00000118750137128564
-0.00000110148047897726
0.00000110443654100058
-0.00000045276126632104
0.00000243263441365258
-0.00000146966597758269
-0.00000139060061506358
0.00933160300706206010
-0.00633491582048529430
-0.00276826116154122240
0.00033514731606688268
0.00428584079512311660
0.00305460776033822420
17.15296565353611400000
-0.00000083064516394077
-0.00000088194643050568
0.00000003545670044386
0.00000190127580108499
0.00000200070529587835
0.00000046724166141799
0.00000189591879827581
0.00000031349372262675
0.00000051915848139635
-0.00000483474582389382
0.00000074977205875291
-0.00000100321342584697
-0.00000104805372487274
0.00000474615840858294
-0.00000118750137136931
0.00000016900109803475
0.00000110443654099945
-0.00000045276126631969
0.00000402759526462343
-0.00000103529269089793
-0.00000139060061509900
0.00933160300708851290
-0.00633491582058632540
-0.00276826116154399190
0.00744716984648061820
0.00428584079505619970
0.00305460776029710740
17.15296565353612800000
-0.00000083064516393925
-0.00000088194643049769
0.00000003545670044381
0.00000190127580107990
-0.00000096986892158660
0.00000046724166141269
0.00000189591879826933
0.00000031349372262674
0.00000051915848139251
-0.00000515225443954667
0.00000074977205875382
-0.00000100321342584424
-0.00000104805372485762
0.00000547789825064851
-0.00000118750137136765
0.00000016900109803256
0.00000110148047897608
-0.00000045276126631737
-0.00000045035488299244
-0.00000103529269088046
0.00000146966597755937
0.00933160300707954780
-0.00633491582058268340
-0.00276826116153829720
0.00744716984650215310
-0.00033514731611470857
0.00305460776027244310
17.15296565353613200000
-0.00000083064516394069
-0.00000088194643050620
0.00000003545670044382
0.00000190127580108412
-0.00000096986892158329
0.00000200070529588084
0.00000189591879827727
0.00000031349372262617
0.00000051915848139593
-0.00000515225443955274
0.00000483474582388953
-0.00000100321342584520
-0.00000104805372487325
0.00000547789825065886
-0.00000474615840857806
0.00000016900109803390
0.00000110148047897578
-0.00000110443654099670
-0.00000045035488299904
-0.00000402759526462178
0.00000243263441364700
0.00933160300708583270
-0.00633491582058430190
-0.00276826116153872090
0.00744716984648329410
-0.00033514731610189086
-0.00428584079504923730
17.15296565353615300000
