0.00000111391987066456
-0.00000002081670167250
0.00000204723545517318
0.00000192012201356577
0.00000235093104837084
-0.00000000999457491911
-0.00000025478554075927
-0.00000158778442914320
-0.00000076860913038150
0.00000089153831923827
-0.00000017826422140277
-0.00000018621192805092
0.00000024445637260165
-0.00000017756660215446
-0.00000007878232242751
-0.00000071342538725967
-0.00000163599905408224
0.00000039442274297859
-0.00000328268537972100
-0.00000051716571498801
0.00000037590565503497
-0.00850736448090496850
-0.00072397606786625351
0.00032772355848498702
0.00792497408443787120
0.00175175099887968890
0.00004197754794411771
25.42384752989263700000
-0.00000007355950933418
-0.00000002081670167250
0.00000204723545516950
0.00000192012201353933
0.00000235093104836310
-0.00000000999457491910
-0.00000049452342413532
0.00000036547285479000
-0.00000119718521261837
0.00000087305503505765
-0.00000002387301064334
-0.00000018621192805114
0.00000024445637260836
-0.00000017756660216061
-0.00000007878232242759
-0.00000071342538723610
-0.00000163599905410181
0.00000039442274297586
-0.00000328268537968874
-0.00000051716571498406
0.00000037590565503368
0.00081508564097334461
-0.00072397606786845693
0.00032772355846098734
0.00792497408448089060
0.00175175099885688640
0.00004197754794307861
25.42384752989266900000
-0.00000007355950933418
0.00000111391987066328
0.00000204723545516874
0.00000192012201353856
0.00000235093104836255
-0.00000000999457491908
-0.00000032993473888106
0.00000036547285479005
-0.00000119718521261834
0.00000087305503505761
-0.00000002387301064340
0.00000158778442913493
0.00000076860913039726
-0.00000089153831924904
0.00000017826422140307
-0.00000071342538723512
-0.00000163599905410166
0.00000039442274297559
-0.00000328268537968782
-0.00000051716571498350
0.00000037590565503334
0.00081508564097333941
0.00850736448090003320
0.00032772355846093785
0.00792497408448099810
0.00175175099885684130
0.00004197754794310485
25.42384752989266500000
-0.00000007355950933408
0.00000111391987066293
-0.00000002081670167247
0.00000192012201356119
0.00000235093104837437
-0.00000000999457491919
-0.00000032993473888102
0.00000049452342413543
-0.00000119718521262184
0.00000087305503506006
-0.00000002387301064339
-0.00000025478554075974
0.00000076860913039804
-0.00000089153831925047
0.00000017826422140308
-0.00000024445637261006
0.00000017756660216180
0.00000007878232242755
-0.00000328268537972130
-0.00000051716571498504
0.00000037590565503413
0.00081508564097334797
0.00850736448090006270
0.00072397606786846040
0.00792497408448084720
0.00175175099885688120
0.00004197754794308469
25.42384752989268600000
-0.00000007355950933418
0.00000111391987066324
-0.00000002081670167250
0.00000204723545516871
0.00000235093104836309
-0.00000000999457491915
-0.00000032993473888095
0.00000049452342413534
-0.00000036547285479020
0.00000087305503505762
-0.00000002387301064331
-0.00000025478554075926
-0.00000158778442913531
-0.00000089153831924809
0.00000017826422140298
-0.00000018621192805142
0.00000017756660216051
0.00000007878232242759
0.00000163599905409979
-0.00000039442274297623
0.00000037590565503397
0.00081508564097334721
0.00850736448089996910
0.00072397606786844815
-0.00032772355846098398
0.00175175099885683820
0.00004197754794294829
25.42384752989267200000
-0.00000007355950933418
0.00000111391987066328
-0.00000002081670167249
0.00000204723545516955
0.00000192012201353954
-0.00000000999457491911
-0.00000032993473888102
0.00000049452342413531
-0.00000036547285479000
0.00000119718521261839
-0.00000002387301064334
-0.00000025478554075934
-0.00000158778442913564
-0.00000076860913039650
0.00000017826422140300
-0.00000018621192805112
0.00000024445637260834
0.00000007878232242763
-0.00000071342538723634
-0.00000039442274297590
0.00000051716571498415
0.00081508564097335480
0.00850736448090001940
0.00072397606786847037
-0.00032772355846100371
-0.00792497408448082810
0.00004197754794309835
25.42384752989267600000
-0.00000007355950933418
0.00000111391987066331
-0.00000002081670167250
0.00000204723545516947
0.00000192012201353934
0.00000235093104836321
-0.00000032993473888102
0.00000049452342413533
-0.00000036547285478998
0.00000119718521261836
-0.00000087305503505767
-0.00000025478554075936
-0.00000158778442913579
-0.00000076860913039649
0.00000089153831924897
-0.00000018621192805110
0.00000024445637260839
-0.00000017756660216064
-0.00000071342538723602
-0.00000163599905410186
-0.00000328268537968890
0.00081508564097333876
0.00850736448090006620
0.00072397606786846636
-0.00032772355846105223
-0.00792497408448084380
-0.00175175099885691190
25.42384752989269000000
-0.00000007654726029565
0.00000002546249338087
0.00000313314326855166
0.00000688429942358611
0.00000204397175600771
-0.00000004321266272434
0.00000036688792838189
-0.00000142503599484228
0.00000170670537850843
-0.00000056060870066273
-0.00000030870968370338
-0.00000012343802877119
-0.00000101648755121415
0.00000084482023776491
-0.00000001204588833812
-0.00000700934545909271
0.00000156576085186565
0.00000101803168966141
-0.00000660988989291200
-0.00000108405441906635
0.00000062128322982540
0.00380762517794975410
0.00104798068045033800
-0.01155707894276463600
-0.00238321360051040220
0.01049528053033895100
-0.00041560591502823622
24.40439610070658500000
-0.00000005900928408868
0.00000002546249338087
0.00000313314326854789
0.00000688429942355997
0.00000204397175599995
-0.00000004321266272433
0.00000011066168458521
0.00000029225959592519
-0.00000024447309660585
-0.00000005069076210289
0.00000014807960292990
-0.00000012343802877157
-0.00000101648755120782
0.00000084482023775922
-0.00000001204588833822
-0.00000700934545906901
0.00000156576085184619
0.00000101803168965883
-0.00000660988989288005
-0.00000108405441906261
0.00000062128322982414
0.00099498793043373604
0.00104798068044823900
-0.01155707894278779800
-0.00238321360046888160
0.01049528053031693200
-0.00041560591502924518
24.40439610070662000000
-0.00000005900928408868
-0.00000007654726029690
0.00000313314326854694
0.00000688429942355968
0.00000204397175599959
-0.00000004321266272433
0.00000037385559290888
0.00000029225959592535
-0.00000024447309660603
-0.00000005069076210282
0.00000014807960292985
0.00000142503599483399
-0.00000170670537849311
0.00000056060870065251
0.00000030870968370361
-0.00000700934545906835
0.00000156576085184700
0.00000101803168965869
-0.00000660988989287993
-0.00000108405441906229
0.00000062128322982391
0.00099498793043373995
-0.00380762517795452030
-0.01155707894278810100
-0.00238321360046830130
0.01049528053031667200
-0.00041560591502920441
24.40439610070654900000
-0.00000005900928408863
-0.00000007654726029692
0.00000002546249338089
0.00000688429942356945
0.00000204397175600520
-0.00000004321266272438
0.00000037385559290893
-0.00000011066168458515
-0.00000024447309660734
-0.00000005069076210180
0.00000014807960292989
0.00000036688792838164
-0.00000170670537849324
0.00000056060870065155
0.00000030870968370359
0.00000101648755120702
-0.00000084482023775864
0.00000001204588833819
-0.00000660988989289487
-0.00000108405441906302
0.00000062128322982430
0.00099498793043373518
-0.00380762517795445310
-0.00104798068044823990
-0.00238321360046892060
0.01049528053031694600
-0.00041560591502923174
24.40439610070663100000
-0.00000005900928408868
-0.00000007654726029648
0.00000002546249338088
0.00000313314326854800
0.00000204397175599934
-0.00000004321266272434
0.00000037385559290898
-0.00000011066168458519
-0.00000029225959592520
-0.00000005069076210290
0.00000014807960292992
0.00000036688792838169
-0.00000142503599483593
0.00000056060870065182
0.00000030870968370352
-0.00000012343802877152
-0.00000084482023775888
0.00000001204588833821
-0.00000156576085184698
-0.00000101803168965875
0.00000062128322982418
0.00099498793043373431
-0.00380762517795454460
-0.00104798068044823730
0.01155707894278778700
0.01049528053031691500
-0.00041560591502937073
24.40439610070661300000
-0.00000005900928408868
-0.00000007654726029676
0.00000002546249338088
0.00000313314326854792
0.00000688429942356004
-0.00000004321266272434
0.00000037385559290889
-0.00000011066168458520
-0.00000029225959592519
0.00000024447309660588
0.00000014807960292989
0.00000036688792838180
-0.00000142503599483491
0.00000170670537849346
0.00000030870968370357
-0.00000012343802877158
-0.00000101648755120776
0.00000001204588833823
-0.00000700934545906907
-0.00000101803168965879
0.00000108405441906256
0.00099498793043371740
-0.00380762517795440540
-0.00104798068044824880
0.01155707894278782200
0.00238321360046896310
-0.00041560591502915563
24.40439610070660600000
-0.00000005900928408868
-0.00000007654726029681
0.00000002546249338087
0.00000313314326854771
0.00000688429942355955
0.00000204397175599997
0.00000037385559290890
-0.00000011066168458520
-0.00000029225959592516
0.00000024447309660582
0.00000005069076210288
0.00000036688792838183
-0.00000142503599483495
0.00000170670537849359
-0.00000056060870065225
-0.00000012343802877156
-0.00000101648755120781
0.00000084482023775922
-0.00000700934545906839
0.00000156576085184582
-0.00000660988989287976
0.00099498793043369246
-0.00380762517795442960
-0.00104798068044822580
0.01155707894278798200
0.00238321360046861740
-0.01049528053031685200
24.40439610070652800000
