-0.00001607877805384936
0.00000001840952350346
-0.00000034573835798820
-0.00000783006002307087
-0.00001232667472344941
0.00000091139739814600
0.00000003216088919833
-0.00001538095111943739
0.00000731392254721259
0.00003702483844975073
-0.00000008711665596642
0.00000007374619743487
-0.00000000121153723007
0.00000047174874389183
-0.00000070044611782991
-0.00000437055399258031
0.00001576421324371592
0.00000409495454881355
-0.00001060231076763157
0.00001407843022564370
-0.00001452667932762819
-0.03700069156111980600
0.00075528931099618716
0.00192660976470270100
-0.00090073923181700581
0.04321232901086469200
0.00083648168145247954
18.86666812872146100000
-0.00000246669890936172
0.00000001840952350341
-0.00000034573835798050
-0.00000783006002300571
-0.00001232667472343367
0.00000091139739815191
-0.00000008718277752822
-0.00000051006783802804
-0.00000924184357074693
0.00000347846089522343
0.00000468193746928719
0.00000007374619743507
-0.00000000121153723140
0.00000047174874389163
-0.00000070044611783012
-0.00000437055399264135
0.00001576421324369186
0.00000409495454886937
-0.00001060231076753343
0.00001407843022551325
-0.00001452667932767048
0.00882927897511066700
0.00075528931099726291
0.00192660976472697980
-0.00090073923188818705
0.04321232901079018200
0.00083648168158857554
18.86666812872159200000
-0.00000426067208377943
-0.00002657048938126334
0.00000008204953003003
0.00000281866661671670
-0.00000936524745675286
0.00000198954949294527
-0.00000617054138892660
0.00000141726917357732
-0.00001294727168655231
0.00000262793143213313
-0.00000578451269493626
0.00002386266265667982
-0.00002573254666703690
-0.00003774636114031002
-0.00002011123629627548
-0.00000772747264393935
0.00001435397777110075
0.00001864185215630583
-0.00001036574036323221
-0.00002672878547709355
-0.00002107294702555181
0.01955625657429547000
0.06896663424409360500
-0.00546128241667571960
0.01045264369721106800
0.04458948174601010800
0.03836027283406270200
0.00022748314421394136
-0.00000282977987446375
-0.00001460598881494970
0.00000006164509622113
-0.00001123787071697593
-0.00001260793015364698
0.00000083991169696409
0.00000335080263383942
0.00000016373895406662
-0.00001031715493911107
0.00000426056923287126
0.00000477752803031861
-0.00000007891036030078
-0.00000797511723921155
-0.00003599206983142640
0.00000400330720927230
-0.00000016258237397110
-0.00000066146789673066
0.00000101175857764442
-0.00001150546911983275
0.00001803721538684071
-0.00001105445845602664
0.00866677670319508310
0.03465425324717882900
-0.00133917022722382830
0.00285709728234678040
0.04101458241458890600
-0.00398260114916415900
20.07417117296147100000
-0.00000246669890935929
-0.00001607877805383976
0.00000001840952350342
-0.00000034573835798293
-0.00001232667472344426
0.00000091139739815131
0.00000325470199693349
0.00000008718277752842
0.00000051006783802903
0.00000347846089522372
0.00000468193746929495
0.00000003216088919979
-0.00001538095111942531
-0.00003702483844971498
0.00000008711665593200
0.00000007374619743513
-0.00000047174874389211
0.00000070044611783105
-0.00001576421324369740
-0.00000409495454884851
-0.00001452667932763671
0.00882927897510385470
0.03700069156110533100
-0.00075528931099774397
-0.00192660976472011460
0.04321232901079780100
0.00083648168154076483
18.86666812872161000000
-0.00000246669890935673
-0.00001607877805384431
0.00000001840952350343
-0.00000034573835798345
-0.00000783006002302139
0.00000091139739815040
0.00000325470199693494
0.00000008718277752804
0.00000051006783802839
0.00000924184357073520
0.00000468193746930102
0.00000003216088919896
-0.00001538095111942932
0.00000731392254717720
0.00000008711665592562
0.00000007374619743497
-0.00000000121153723067
0.00000070044611782991
-0.00000437055399262029
-0.00000409495454884979
-0.00001407843022555964
0.00882927897509757160
0.03700069156111222800
-0.00075528931099651481
-0.00192660976471738980
0.00090073923186924072
0.00083648168153913419
18.86666812872154300000
-0.00000246669890935496
-0.00001607877805384180
0.00000001840952350348
-0.00000034573835798654
-0.00000783006002313703
-0.00001232667472344657
0.00000325470199694348
0.00000008718277752840
0.00000051006783803002
0.00000924184357075831
-0.00000347846089522154
0.00000003216088919953
-0.00001538095111943083
0.00000731392254720084
0.00003702483844973188
0.00000007374619743527
-0.00000000121153723173
0.00000047174874389140
-0.00000437055399258825
0.00001576421324370571
-0.00001060231076754137
0.00882927897509336830
0.03700069156110321500
-0.00075528931099835090
-0.00192660976471019870
0.00090073923178346591
-0.04321232901080834100
18.86666812872158900000
0.00000326242353513261
-0.00000000734551147158
-0.00000004035624118275
0.00000600554362460922
0.00000626036461198326
0.00000032152428175626
-0.00000007336681986612
0.00000121059251154747
-0.00001101780553199600
-0.00000089784893713545
0.00000136296702711583
0.00000005672722480918
0.00000038389026050549
0.00000082761000592970
-0.00000106936104162983
-0.00000409023979109402
0.00000084590319182917
0.00000098636439914618
-0.00000398906239889940
0.00000160805690676099
-0.00000469874827142360
0.01257470701901008400
0.00013755474476438245
-0.00150818848540939600
-0.01166583454103868900
0.00628506204736591860
0.00405749197607367490
20.55526457011422900000
-0.00000275216696358730
-0.00000000734551147164
-0.00000004035624117420
0.00000600554362469206
0.00000626036461199838
0.00000032152428176198
0.00000011080860680474
-0.00000107136494612650
-0.00000509407330552828
0.00000460858281429625
-0.00000116767241656329
0.00000005672722480935
0.00000038389026050393
0.00000082761000593005
-0.00000106936104163063
-0.00000409023979115917
0.00000084590319180152
0.00000098636439920532
-0.00000398906239880037
0.00000160805690659663
-0.00000469874827144895
0.00988079276080041330
0.00013755474476556028
-0.00150818848538294410
-0.01166583454111648800
0.00628506204728460080
0.00405749197622300510
20.55526457011418600000
-0.00000351241438476186
-0.00001051917038838493
-0.00000008445802747070
0.00001776228689542924
0.00001185494428446386
0.00000142423098405459
-0.00000622896519202594
0.00000102438349100397
-0.00000625249475886049
0.00000207097953972160
-0.00001042156776325826
0.00001118199339829486
-0.00000941251217126388
-0.00000290126143319755
-0.00002624783065800475
-0.00000799823247381498
0.00000180060516811197
0.00001844345207984172
-0.00000627803739278254
-0.00003743408629652726
-0.00002021506251120334
0.01975636273436030100
0.02400722289657746700
-0.00999846570161449020
-0.00319088348162732340
0.01124408609776159800
0.04617161847835522800
0.00015210528501300214
-0.00000269283911317555
0.00000301275444281737
-0.00000000911094171967
0.00000603862958366773
0.00000666323919770092
0.00000033345063796996
0.00000285622471589579
-0.00000012081665473566
-0.00000497198500926284
0.00000448445152880683
-0.00000112084938932677
-0.00000003119559333552
0.00001083341255869693
0.00000083165365861397
-0.00000189423019092531
-0.00000035004036485163
-0.00000073971834561434
0.00000100497479018688
-0.00000402471812086568
0.00000164508149854462
-0.00000565417754898939
0.00990875147216372340
-0.01218635504204844600
-0.00012897716628265394
-0.01184184936454073800
0.00630630062903664730
0.00469746470519154850
20.38262546474175400000
-0.00000275216696358547
0.00000326242353514492
-0.00000000734551147164
-0.00000004035624117719
0.00000626036461197316
0.00000032152428176233
0.00000289061468005999
-0.00000011080860680432
0.00000107136494612860
0.00000460858281430230
-0.00000116767241656364
-0.00000007336681986481
0.00000121059251156198
0.00000089784893717535
-0.00000136296702714386
0.00000005672722480935
-0.00000082761000593149
0.00000106936104163204
-0.00000084590319180921
-0.00000098636439917745
-0.00000469874827138393
0.00988079276079299570
-0.01257470701902535900
-0.00013755474476606915
0.00150818848539044830
0.00628506204729311490
0.00405749197617092700
20.55526457011420800000
-0.00000275216696358160
0.00000326242353513790
-0.00000000734551147163
-0.00000004035624117745
0.00000600554362466348
0.00000032152428176001
0.00000289061468006262
-0.00000011080860680502
0.00000107136494612679
0.00000509407330551745
-0.00000116767241654454
-0.00000007336681986543
0.00000121059251155636
-0.00001101780553203660
-0.00000136296702716506
0.00000005672722480923
0.00000038389026050461
0.00000106936104162997
-0.00000409023979113777
-0.00000098636439918575
-0.00000160805690666501
0.00988079276078624240
-0.01257470701901810100
-0.00013755474476474604
0.00150818848539326220
0.01166583454109599400
0.00405749197616947330
20.55526457011419700000
-0.00000275216696358128
0.00000326242353513685
-0.00000000734551147158
-0.00000004035624118121
0.00000600554362450269
0.00000626036461196202
0.00000289061468008214
-0.00000011080860680417
0.00000107136494613016
0.00000509407330555835
-0.00000460858281430905
-0.00000007336681986571
0.00000121059251154977
-0.00001101780553204000
-0.00000089784893712948
0.00000005672722480956
0.00000038389026050216
0.00000082761000593076
-0.00000409023979111176
0.00000084590319182468
-0.00000398906239873718
0.00988079276078163500
-0.01257470701902790300
-0.00013755474476674526
0.00150818848540114650
0.01166583454100270100
-0.00628506204730412510
20.55526457011424000000
