-0.00000129729792157111
-0.00000043898936770195
0.00000012102686802204
-0.00000295611447531360
0.00000546286093950470
0.00000080836974407265
-0.01186077860103479000
-0.00105817156772140020
-0.00163166031067239540
29.34790993357436100000
0.00000169985578701673
-0.00000043898936772522
0.00000012102686802512
-0.00000302572346665073
0.00000651328441965806
0.00000080836974411593
-0.01455061047944581300
-0.00105817156779783120
-0.00163166031061163240
29.34790993357435700000
0.00000169985578701438
-0.00000129729792157054
0.00000012102686802154
0.00000008784937894562
0.00000651328441961771
-0.00000546286093951512
-0.01455061047943601200
0.01186077860103674700
-0.00163166031071278280
29.34790993357435700000
0.00000169985578701496
-0.00000129729792157129
-0.00000043898936770071
0.00000008784937895107
0.00000302572346664674
-0.00000295611447531938
-0.01455061047943837600
0.01186077860103657200
0.00105817156771780340
29.34790993357435700000
-0.00000056271456827113
0.00000217585098690439
0.00000067593556565772
-0.00000073593518686012
0.00000131165861532986
-0.00000356499884880482
-0.00497869244320409220
0.01327593825471504200
-0.00356806176593305440
21.27339857029299400000
-0.00000070020343604120
0.00000217585098688755
0.00000067593556565994
0.00000005076793813946
-0.00000090146910213288
-0.00000356499884877349
0.00472918404556540040
0.01327593825465964300
-0.00356806176588901670
21.27339857029300400000
-0.00000070020343604292
-0.00000056271456827047
0.00000067593556565660
0.00000054970570806709
-0.00000090146910216275
-0.00000131165861533908
0.00472918404557252060
0.00497869244320550430
-0.00356806176596233000
21.27339857029299400000
-0.00000070020343604249
-0.00000056271456827140
0.00000217585098690563
0.00000054970570807322
-0.00000005076793814259
-0.00000073593518686526
0.00472918404557083180
0.00497869244320537240
-0.01327593825471765300
21.27339857029299400000
