-0.00000080155125110814
0.00000071211534453124
-0.00000096892073035252
0.00000069072374773466
0.00000031448667982355
0.00000096764792381190
-0.00332338248036998310
0.01142652915947147700
-0.00840865812304817350
34.08795909005546300000
0.00000091450171447035
0.00000071211534453180
-0.00000096892073034963
0.00000308260236060562
-0.00000065570685703008
0.00000096764792381063
-0.00030551144392682267
0.01142652915947594400
-0.00840865812303606170
34.08795909005549900000
0.00000091450171447965
-0.00000080155125110601
-0.00000096892073035386
0.00000059789207461283
-0.00000065570685703925
-0.00000031448667985937
-0.00030551144387561764
0.00332338248028968800
-0.00840865812305521820
34.08795909005553400000
0.00000091450171447835
-0.00000080155125110668
0.00000071211534453120
0.00000059789207461673
-0.00000308260236061137
0.00000069072374773900
-0.00030551144387990165
0.00332338248030000610
-0.01142652915946975600
34.08795909005546300000
-0.00000096986595931081
-0.00000035201221292516
-0.00000056304190981502
-0.00000008549865230211
0.00000154634149406634
0.00000051323807953356
-0.00670702081833452270
-0.00450638357937688770
-0.00454403039801759210
17.77447216165411700000
0.00000008916083934695
-0.00000035201221292356
-0.00000056304190981050
-0.00000027628499864364
0.00000093349575410499
0.00000051323807951898
-0.01575743479571864100
-0.00450638357937455620
-0.00454403039801133150
17.77447216165414200000
0.00000008916083930708
-0.00000096986595931812
-0.00000056304190981468
0.00000047888907679534
0.00000093349575403969
-0.00000154634149414576
-0.01575743479569191600
0.00670702081829258140
-0.00454403039802128270
17.77447216165411700000
0.00000008916083930631
-0.00000096986595931844
-0.00000035201221292431
0.00000047888907679749
0.00000027628499863018
-0.00000008549865230533
-0.01575743479569419200
0.00670702081829807180
0.00450638357937778630
17.77447216165414500000
