-0.00000108957262360383
0.00000401573693000022
0.00000077411373096230
0.00001376977496805552
0.00001035216180395928
-0.00002522912297175140
-0.00000132303937879989
-0.00000164437533665060
0.00000801496886086473
-0.00002943184772374855
0.00002473851533493254
-0.00000070996125869231
0.00002066703661983635
-0.00002186847162334537
-0.00000417666518966884
-0.00000152343667905306
0.00000650196531823775
-0.00000401366662423517
-0.00002316074159294192
-0.00002826902645202594
0.00005372398801881669
0.01243136481319835300
-0.00682468883789119280
0.00274087253361527010
0.01029992789174434500
-0.02892083635289248100
0.01129859514989973500
35.38883789139713800000
0.00000011833413114828
0.00000401573692999728
0.00000077411373096232
0.00001376977496804173
0.00001035216180394171
-0.00002522912297175222
0.00000062037302932738
0.00000015875288153096
0.00000326835069278961
0.00000646921600494169
-0.00000845510085568427
-0.00000070996125869074
0.00002066703661982005
-0.00002186847162333408
-0.00000417666518966827
-0.00000152343667905187
0.00000650196531823401
-0.00000401366662423528
-0.00002316074159290272
-0.00002826902645202878
0.00005372398801881915
0.00102523519767149180
-0.00682468883788428860
0.00274087253361774040
0.01029992789173815200
-0.02892083635290471800
0.01129859514990331700
35.38883789140636800000
0.00000011833413114827
-0.00000108957262360570
0.00000077411373096234
0.00001376977496804080
0.00001035216180394175
-0.00002522912297175371
0.00000182492349060915
0.00000015875288153102
0.00000326835069278914
0.00000646921600494246
-0.00000845510085568371
0.00000164437533664943
-0.00000801496886086928
0.00002943184772375932
-0.00002473851533493633
-0.00000152343667905226
0.00000650196531823492
-0.00000401366662423575
-0.00002316074159290135
-0.00002826902645202787
0.00005372398801881843
0.00102523519767123740
-0.01243136481320137600
0.00274087253361771520
0.01029992789173769800
-0.02892083635290481800
0.01129859514990381700
35.38883789140652400000
0.00000011833413114828
-0.00000108957262360596
0.00000401573692999714
0.00001376977496805650
0.00001035216180396497
-0.00002522912297175008
0.00000182492349060770
-0.00000062037302932752
0.00000326835069278797
0.00000646921600494545
-0.00000845510085568762
-0.00000132303937879465
-0.00000801496886087053
0.00002943184772375799
-0.00002473851533493580
-0.00002066703661983079
0.00002186847162333943
0.00000417666518966964
-0.00002316074159294083
-0.00002826902645202862
0.00005372398801881137
0.00102523519767231340
-0.01243136481319855700
0.00682468883789018320
0.01029992789174105300
-0.02892083635289996500
0.01129859514990669600
35.38883789140086800000
0.00000011833413114828
-0.00000108957262360480
0.00000401573692999669
0.00000077411373096220
0.00001035216180393405
-0.00002522912297175432
0.00000182492349060939
-0.00000062037302932751
-0.00000015875288153100
0.00000646921600494076
-0.00000845510085568326
-0.00000132303937879479
-0.00000164437533665005
0.00002943184772375834
-0.00002473851533493430
-0.00000070996125869005
0.00002186847162333088
0.00000417666518966753
-0.00000650196531823188
0.00000401366662423481
0.00005372398801882302
0.00102523519767133960
-0.01243136481320138700
0.00682468883788452630
-0.00274087253361769610
-0.02892083635290472800
0.01129859514990359100
35.38883789140638200000
0.00000011833413114801
-0.00000108957262364940
0.00000401573692995433
0.00000077411373096296
0.00001376977496810287
-0.00002522912297189619
0.00000182492349061460
-0.00000062037302930012
-0.00000015875288152786
-0.00000326835069280469
-0.00000845510085565884
-0.00000132303937884658
-0.00000164437533663153
0.00000801496886083224
-0.00002473851533507929
-0.00000070996125868913
0.00002066703661977825
0.00000417666518951769
-0.00000152343667907030
0.00000401366662424539
0.00002826902645202682
0.00102523519763744290
-0.01243136481313253000
0.00682468883795491270
-0.00274087253364485320
-0.01029992789158556600
0.01129859515009083400
35.38883789140607000000
0.00000011833413114828
-0.00000108957262360555
0.00000401573692999681
0.00000077411373096226
0.00001376977496804212
0.00001035216180394280
0.00000182492349060858
-0.00000062037302932701
-0.00000015875288153087
-0.00000326835069278937
-0.00000646921600494289
-0.00000132303937879376
-0.00000164437533664936
0.00000801496886086805
-0.00002943184772375670
-0.00000070996125869115
0.00002066703661981996
-0.00002186847162333255
-0.00000152343667905208
0.00000650196531823428
-0.00002316074159290323
0.00102523519767128840
-0.01243136481320129300
0.00682468883788455920
-0.00274087253361774730
-0.01029992789173766300
0.02892083635290474900
35.38883789140645300000
0.00000478242888975828
-0.00000247151735625519
-0.00000038301409464665
-0.00000610272259339315
-0.00000372443820343454
0.00000638348273769822
-0.00001482708518368920
-0.00000136537863981290
-0.00000944855875418034
0.00001442922837438524
-0.00000435178338289426
0.00000199660762852541
-0.00001026675962173383
0.00001229638939888201
0.00001585569533263042
0.00000201068076416995
-0.00000106019041356464
0.00000112630942848238
0.00001295520729819012
0.00001291100760774002
-0.00003087190709281775
0.00038626938007973750
-0.00869977465099292840
-0.00574871935065616580
-0.01410200674328406500
0.01523335953891560500
0.01654557471939565500
15.17191695310530400000
-0.00000012631787596046
-0.00000247151735625428
-0.00000038301409464666
-0.00000610272259338733
-0.00000372443820342850
0.00000638348273769743
0.00000011181284210539
0.00000194200057850675
-0.00000404386789259966
0.00000029985115820442
0.00000743628736853703
0.00000199660762852468
-0.00001026675962172824
0.00001229638939887774
0.00001585569533263012
0.00000201068076416895
-0.00000106019041356302
0.00000112630942848234
0.00001295520729817612
0.00001291100760773929
-0.00003087190709281588
0.00361470289345865260
-0.00869977465099485040
-0.00574871935065674950
-0.01410200674328269400
0.01523335953891836700
0.01654557471939575200
15.17191695310294500000
-0.00000012631787596047
0.00000478242888975778
-0.00000038301409464663
-0.00000610272259338828
-0.00000372443820342839
0.00000638348273769681
0.00000599871980667517
0.00000194200057850684
-0.00000404386789259978
0.00000029985115820444
0.00000743628736853742
0.00000136537863981272
0.00000944855875418092
-0.00001442922837438536
0.00000435178338289197
0.00000201068076416888
-0.00000106019041356266
0.00000112630942848199
0.00001295520729817734
0.00001291100760773984
-0.00003087190709281645
0.00361470289345870240
-0.00038626938007894560
-0.00574871935065672440
-0.01410200674328244300
0.01523335953891794000
0.01654557471939553000
15.17191695310308800000
-0.00000012631787596047
0.00000478242888975720
-0.00000247151735625356
-0.00000610272259338610
-0.00000372443820342684
0.00000638348273769713
0.00000599871980667468
-0.00000011181284210549
-0.00000404386789260069
0.00000029985115820590
0.00000743628736853615
-0.00001482708518368798
0.00000944855875417762
-0.00001442922837438015
0.00000435178338289101
0.00001026675962172710
-0.00001229638939887756
-0.00001585569533262586
0.00001295520729817289
0.00001291100760773574
-0.00003087190709281045
0.00361470289345922370
-0.00038626938007955188
0.00869977465099290930
-0.01410200674328004900
0.01523335953891573200
0.01654557471939370800
15.17191695310335900000
-0.00000012631787596047
0.00000478242888975873
-0.00000247151735625456
-0.00000038301409464675
-0.00000372443820343838
0.00000638348273769569
0.00000599871980667539
-0.00000011181284210565
-0.00000194200057850687
0.00000029985115820341
0.00000743628736853794
-0.00001482708518369106
-0.00000136537863981332
-0.00001442922837438634
0.00000435178338289359
0.00000199660762852569
-0.00001229638939888085
-0.00001585569533263084
0.00000106019041356577
-0.00000112630942848286
-0.00003087190709281151
0.00361470289345867900
-0.00038626938007895947
0.00869977465099453990
0.00574871935065664630
0.01523335953891813800
0.01654557471939546700
15.17191695310319600000
-0.00000012631787596058
0.00000478242888973953
-0.00000247151735627220
-0.00000038301409464638
-0.00000610272259336080
0.00000638348273763438
0.00000599871980667760
-0.00000011181284209432
-0.00000194200057850544
0.00000404386789259168
0.00000743628736854834
-0.00001482708518371320
-0.00000136537863980548
-0.00000944855875419672
0.00000435178338283119
0.00000199660762852593
-0.00001026675962174518
-0.00001585569533269401
0.00000201068076416208
-0.00000112630942847865
-0.00001291100760773644
0.00361470289344415460
-0.00038626938004938417
0.00869977465102487500
0.00574871935064502890
0.01410200674334796700
0.01654557471947590600
15.17191695310294400000
-0.00000012631787596047
0.00000478242888975812
-0.00000247151735625399
-0.00000038301409464665
-0.00000610272259338591
-0.00000372443820342527
0.00000599871980667484
-0.00000011181284210554
-0.00000194200057850669
0.00000404386789259928
-0.00000029985115820425
-0.00001482708518369012
-0.00000136537863981282
-0.00000944855875418163
0.00001442922837438745
0.00000199660762852447
-0.00001026675962172676
0.00001229638939887647
0.00000201068076416867
-0.00000106019041356268
0.00001295520729817244
0.00361470289345872500
-0.00038626938007889702
0.00869977465099468740
0.00574871935065668620
0.01410200674328258500
-0.01523335953891827600
15.17191695310299300000
