-0.00000395360721156433
0.00000327308240282306
-0.00000027687651726712
0.00000358864921536248
0.00000724412201477631
0.00000948565889564099
0.00000272416173669994
-0.00000463541844549149
0.00000462622232422525
-0.00001572952388545373
0.00001605571357998449
0.00000068060779843623
0.00000832810577547172
-0.00000034956721709038
-0.00001494927039360709
-0.00000325255399588652
-0.00000510275892088127
0.00000748355302760663
0.00000513828201313147
-0.00001936423835547486
-0.00000458954056669765
-0.00726091082480656220
0.00994963424843664860
0.00764292391064162230
0.00706243611949699400
-0.02047254398091036300
0.00837169265382600720
34.24728637014338500000
-0.00000357519672525509
0.00000327308240282212
-0.00000027687651726619
0.00000358864921536135
0.00000724412201476621
0.00000948565889562240
0.00000298020250555486
-0.00000538032357074858
0.00000265311619219043
-0.00000614486454743751
0.00000360753508309351
0.00000068060779843573
0.00000832810577547107
-0.00000034956721709973
-0.00001494927039359538
-0.00000325255399588686
-0.00000510275892087778
0.00000748355302760224
0.00000513828201312871
-0.00001936423835546951
-0.00000458954056666990
0.00529323212668436110
0.00994963424843670060
0.00764292391064156500
0.00706243611949743110
-0.02047254398091105700
0.00837169265382603850
34.24728637014350600000
-0.00000357519672525517
-0.00000395360721156388
-0.00000027687651726604
0.00000358864921536640
0.00000724412201476701
0.00000948565889562296
0.00000486605911316267
-0.00000538032357074885
0.00000265311619219148
-0.00000614486454743834
0.00000360753508309318
0.00000463541844548999
-0.00000462622232422608
0.00001572952388545007
-0.00001605571357997889
-0.00000325255399588821
-0.00000510275892087702
0.00000748355302760308
0.00000513828201312192
-0.00001936423835547317
-0.00000458954056666591
0.00529323212668439060
0.00726091082480636100
0.00764292391064161010
0.00706243611949718480
-0.02047254398091099400
0.00837169265382635770
34.24728637014342800000
-0.00000357519672525511
-0.00000395360721156235
0.00000327308240282222
0.00000358864921536473
0.00000724412201477064
0.00000948565889561873
0.00000486605911316242
-0.00000298020250555450
0.00000265311619219174
-0.00000614486454743959
0.00000360753508309442
0.00000272416173669790
-0.00000462622232422857
0.00001572952388545711
-0.00001605571357998234
-0.00000832810577546820
0.00000034956721709740
0.00001494927039359434
0.00000513828201311868
-0.00001936423835546697
-0.00000458954056666645
0.00529323212668438190
0.00726091082480641650
-0.00994963424843654450
0.00706243611949692800
-0.02047254398091060600
0.00837169265382631950
34.24728637014339900000
-0.00000357519672525501
-0.00000395360721156322
0.00000327308240282216
-0.00000027687651726602
0.00000724412201476464
0.00000948565889562003
0.00000486605911316268
-0.00000298020250555467
0.00000538032357074835
-0.00000614486454743771
0.00000360753508309316
0.00000272416173669861
-0.00000463541844548912
0.00001572952388545158
-0.00001605571357998104
0.00000068060779843561
0.00000034956721710007
0.00001494927039359410
0.00000510275892087766
-0.00000748355302760137
-0.00000458954056666673
0.00529323212668440270
0.00726091082480641130
-0.00994963424843651680
-0.00764292391064160840
-0.02047254398091080000
0.00837169265382627790
34.24728637014342800000
-0.00000357519672526374
-0.00000395360721161319
0.00000327308240281958
-0.00000027687651727193
0.00000358864921535814
0.00000948565889556378
0.00000486605911319761
-0.00000298020250556136
0.00000538032357076247
-0.00000265311619219875
0.00000360753508312330
0.00000272416173667796
-0.00000463541844549737
0.00000462622232413526
-0.00001605571358013410
0.00000068060779844480
0.00000832810577542669
0.00001494927039359521
-0.00000325255399588123
-0.00000748355302762162
0.00001936423835537756
0.00529323212667051450
0.00726091082485242830
-0.00994963424841766380
-0.00764292391065359010
-0.00706243611937599010
0.00837169265392258620
34.24728637014349900000
-0.00000357519672525513
-0.00000395360721156255
0.00000327308240282246
-0.00000027687651726684
0.00000358864921536087
0.00000724412201476811
0.00000486605911316232
-0.00000298020250555522
0.00000538032357074942
-0.00000265311619219304
0.00000614486454743964
0.00000272416173669848
-0.00000463541844548975
0.00000462622232422756
-0.00001572952388545469
0.00000068060779843623
0.00000832810577546836
-0.00000034956721709444
-0.00000325255399588437
-0.00000510275892088146
0.00000513828201313138
0.00529323212668444260
0.00726091082480638010
-0.00994963424843659480
-0.00764292391064169340
-0.00706243611949725070
0.02047254398091089700
34.24728637014342800000
-0.00000629085200886987
0.00000071212794694303
-0.00000133346725585442
-0.00001653702613254982
0.00000388295979775396
0.00001901359914566657
-0.00000520374897272356
0.00000431828330149449
-0.00002612134228167663
0.00002444287466267338
0.00001370689688356057
0.00000182684847968042
-0.00000257375504164102
0.00001614376490289326
-0.00001023737786110703
0.00000506029556902345
-0.00000217587019608049
-0.00000605375404174837
0.00002069291936959187
0.00003035844736934546
-0.00006512496117466220
-0.00228524557253716000
-0.00032612895809212405
-0.00336133931363832330
-0.01562795378519363200
0.01709443642645091700
0.01245711095548933400
19.01912797179952000000
-0.00000149313753828659
0.00000071212794694245
-0.00000133346725585383
-0.00001653702613255076
0.00000388295979774681
0.00001901359914565510
0.00000137998740098721
0.00000030886860066185
-0.00000565748728045713
0.00000174464715992378
0.00000067644946672166
0.00000182684847968022
-0.00000257375504164097
0.00001614376490288699
-0.00001023737786109998
0.00000506029556902314
-0.00000217587019607809
-0.00000605375404175130
0.00002069291936959061
0.00003035844736934886
-0.00006512496117464443
0.00795087975247892040
-0.00032612895809203818
-0.00336133931363837100
-0.01562795378519375000
0.01709443642645095500
0.01245711095548937200
19.01912797179961200000
-0.00000149313753828660
-0.00000629085200886958
-0.00000133346725585382
-0.00001653702613254786
0.00000388295979774758
0.00001901359914565539
0.00000143874042441050
0.00000030886860066171
-0.00000565748728045694
0.00000174464715992383
0.00000067644946672153
-0.00000431828330149523
0.00002612134228167612
-0.00002444287466267567
-0.00001370689688355701
0.00000506029556902221
-0.00000217587019607762
-0.00000605375404175070
0.00002069291936958683
0.00003035844736934667
-0.00006512496117464236
0.00795087975247893430
0.00228524557253719820
-0.00336133931363830940
-0.01562795378519386100
0.01709443642645099700
0.01245711095548930100
19.01912797179959800000
-0.00000149313753828653
-0.00000629085200886890
0.00000071212794694250
-0.00001653702613255038
0.00000388295979774850
0.00001901359914565679
0.00000143874042441035
-0.00000137998740098727
-0.00000565748728045659
0.00000174464715992356
0.00000067644946672158
-0.00000520374897272390
0.00002612134228167557
-0.00002444287466267304
-0.00001370689688355851
0.00000257375504164203
-0.00001614376490288908
0.00001023737786110129
0.00002069291936959042
0.00003035844736934779
-0.00006512496117464667
0.00795087975247886320
0.00228524557253727100
0.00032612895809190287
-0.01562795378519392400
0.01709443642645112500
0.01245711095548926600
19.01912797179956600000
-0.00000149313753828653
-0.00000629085200886909
0.00000071212794694238
-0.00000133346725585381
0.00000388295979774640
0.00001901359914565413
0.00000143874042441053
-0.00000137998740098712
-0.00000030886860066194
0.00000174464715992412
0.00000067644946672148
-0.00000520374897272394
0.00000431828330149564
-0.00002444287466267456
-0.00001370689688355794
0.00000182684847968028
-0.00001614376490288705
0.00001023737786109923
0.00000217587019607807
0.00000605375404175151
-0.00006512496117464299
0.00795087975247893780
0.00228524557253706290
0.00032612895809203558
0.00336133931363836060
0.01709443642645088300
0.01245711095548916700
19.01912797179958000000
-0.00000149313753829133
-0.00000629085200889676
0.00000071212794694093
-0.00000133346725585705
-0.00001653702613255227
0.00001901359914562218
0.00000143874042442985
-0.00000137998740099072
-0.00000030886860065420
0.00000565748728045284
0.00000067644946673819
-0.00000520374897273557
0.00000431828330149115
-0.00002612134228172600
-0.00001370689688364294
0.00000182684847968538
-0.00000257375504166613
0.00001023737786109941
0.00000506029556902618
0.00000605375404174044
-0.00003035844736939966
0.00795087975247121650
0.00228524557256259800
0.00032612895810253499
0.00336133931363170710
0.01562795378526088100
0.01245711095554271700
19.01912797179963700000
-0.00000149313753828658
-0.00000629085200886876
0.00000071212794694249
-0.00000133346725585423
-0.00001653702613255132
0.00000388295979774813
0.00000143874042441040
-0.00000137998740098745
-0.00000030886860066140
0.00000565748728045624
-0.00000174464715992332
-0.00000520374897272405
0.00000431828330149527
-0.00002612134228167527
0.00002444287466267273
0.00000182684847968063
-0.00000257375504164273
0.00001614376490289004
0.00000506029556902429
-0.00000217587019607999
0.00002069291936959269
0.00795087975247897590
0.00228524557253708540
0.00032612895809204425
0.00336133931363832760
0.01562795378519354900
-0.01709443642645076500
19.01912797179959500000
