-0.00000066433314081089
0.00000327982529927277
0.00000133399138137068
0.00000134903885389737
0.00000269278490273868
-0.00000883962178166340
-0.00319574872032050940
-0.00226116060940959210
0.01605937905527510600
31.70055535263843500000
-0.00000084831448519706
0.00000327982529924311
0.00000133399138134542
-0.00000093093232923780
-0.00000347885411606595
-0.00000883962178145144
0.01060246972547851900
-0.00226116060946790620
0.01605937905500420500
31.70055535263843500000
-0.00000084831448519557
-0.00000066433314080217
0.00000133399138137015
-0.00000271315747500507
-0.00000347885411617774
-0.00000269278490274907
0.01060246972554598600
0.00319574872027777450
0.01605937905527425600
31.70055535263844200000
-0.00000084831448519835
-0.00000066433314082795
0.00000327982529921268
-0.00000271315747502923
0.00000093093232925010
0.00000134903885396214
0.01060246972556741500
0.00319574872039668110
0.00226116060929669460
31.70055535263842800000
0.00000244443378853632
-0.00000031894325635244
-0.00000074794153516480
-0.00000528664790910687
-0.00000054521553242401
0.00000343877852137433
0.01571230873152199000
-0.00192347690969223160
-0.00780804148443950750
21.90041954249443600000
-0.00000101553592313904
-0.00000031894325637294
-0.00000074794153518225
-0.00000248575590044938
0.00000139767991870185
0.00000343877852152079
0.00598079033734433620
-0.00192347690973250110
-0.00780804148462665560
21.90041954249442600000
-0.00000101553592313801
0.00000244443378854234
-0.00000074794153516516
0.00000094299586446462
0.00000139767991862484
0.00000054521553241676
0.00598079033739094560
-0.01571230873155152900
-0.00780804148444009390
21.90041954249442600000
-0.00000101553592313993
0.00000244443378852453
-0.00000031894325639398
0.00000094299586444792
0.00000248575590045788
-0.00000528664790906211
0.00598079033740576190
-0.01571230873146935200
0.00192347690961420070
21.90041954249441100000
