-0.00000274008248313208
-0.00000005339287946832
0.00000020383532132712
-0.00000589781650407071
-0.00001014877072874135
-0.00000555107538910020
0.00000126804854184967
-0.00000605243709578973
0.00001188307028317537
-0.00000000135552234708
0.00000030924157587134
0.00000472909603111419
0.00000133860316084560
-0.00000268986003809189
0.00001122347233281926
-0.01168879670740759200
0.00854721376184467210
0.00237599063079237120
0.00957614032287298220
-0.00230927856591216230
25.20559886726296400000
-0.00000217942339373915
-0.00000005339287947277
0.00000020383532132695
-0.00000589781650406040
-0.00001014877072875813
-0.00000062087906339717
0.00000032310678490936
-0.00000497675303439209
0.00000484823715153927
-0.00000000135552234516
0.00000030924157587151
0.00000472909603112512
0.00000133860316084313
-0.00000268986003808864
0.00001122347233281334
0.00650126944218230950
0.00854721376183441990
0.00237599063079467570
0.00957614032285140740
-0.00230927856587734290
25.20559886726275800000
-0.00000217942339373906
-0.00000274008248314136
0.00000020383532132716
-0.00000589781650406066
-0.00001014877072875097
0.00000393255862613598
0.00000032310678490910
-0.00000497675303439156
0.00000484823715153669
-0.00000126804854184764
0.00000605243709579552
-0.00001188307028319713
0.00000133860316084244
-0.00000268986003808948
0.00001122347233280890
0.00650126944218364700
0.01168879670741872900
0.00237599063079466880
0.00957614032285409100
-0.00230927856588139520
25.20559886726282200000
-0.00000217942339373941
-0.00000274008248314274
-0.00000005339287947185
-0.00000589781650406089
-0.00001014877072875161
0.00000393255862613719
0.00000062087906339567
-0.00000497675303439235
0.00000484823715153755
-0.00000555107538910302
0.00000605243709579647
-0.00001188307028320024
-0.00000030924157587574
-0.00000472909603112138
0.00001122347233280817
0.00650126944218386640
0.01168879670741991600
-0.00854721376183353860
0.00957614032285487340
-0.00230927856587931360
25.20559886726168500000
-0.00000217942339373922
-0.00000274008248314439
-0.00000005339287947279
0.00000020383532132716
-0.00001014877072875724
0.00000393255862613839
0.00000062087906339664
-0.00000032310678490900
0.00000484823715153901
-0.00000555107538910445
0.00000126804854184745
-0.00001188307028320624
-0.00000000135552234551
-0.00000472909603112636
0.00000268986003808956
0.00650126944218149760
0.01168879670742199700
-0.00854721376183322640
-0.00237599063079503050
-0.00230927856587354040
25.20559886726269400000
-0.00000217942339373935
-0.00000274008248314599
-0.00000005339287947352
0.00000020383532132693
-0.00000589781650405819
0.00000393255862613944
0.00000062087906339729
-0.00000032310678490879
0.00000497675303439100
-0.00000555107538910538
0.00000126804854184744
-0.00000605243709580120
-0.00000000135552234418
0.00000030924157587099
0.00000133860316084195
0.00650126944218061470
0.01168879670742374600
-0.00854721376183157490
-0.00237599063079537270
-0.00957614032284620150
25.20559886726272900000
0.00000450895954371855
0.00000364665278811357
0.00000015111289716593
0.00000377873749491274
0.00000866511008581591
-0.00000543153103258020
0.00000213784489382200
0.00000496134061250042
-0.00000745466472135901
-0.00000217161903318214
-0.00000088993549324856
-0.00000159271746806793
0.00000045161680780919
0.00000060218625691465
-0.00001140456229248528
0.00464689308317719000
0.00116387422392382620
-0.00237950742502226510
-0.01025480353209869000
0.01274961246709007500
23.91135934296490000000
-0.00000004146866015065
0.00000364665278810953
0.00000015111289716606
0.00000377873749492220
0.00000866511008580071
-0.00000279249745085117
0.00000132225471969407
0.00000067593462440422
-0.00000251953805336141
-0.00000217161903318020
-0.00000088993549324798
-0.00000159271746805660
0.00000045161680780663
0.00000060218625691711
-0.00001140456229249134
0.00592606881706256910
0.00116387422391430250
-0.00237950742502007070
-0.01025480353211936900
0.01274961246712284800
23.91135934296491400000
-0.00000004146866015058
0.00000450895954370987
0.00000015111289716595
0.00000377873749492247
0.00000866511008580751
-0.00000323090883981385
0.00000132225471969408
0.00000067593462440452
-0.00000251953805336385
-0.00000213784489382009
-0.00000496134061249526
0.00000745466472133908
0.00000045161680780620
0.00000060218625691691
-0.00001140456229249588
0.00592606881706379900
-0.00464689308316675040
-0.00237950742502010710
-0.01025480353211687100
0.01274961246711894100
23.91135934296499200000
-0.00000004146866015061
0.00000450895954371003
0.00000364665278811042
0.00000377873749492143
0.00000866511008580608
-0.00000323090883981366
0.00000279249745085022
0.00000067593462440382
-0.00000251953805336269
-0.00000543153103258238
-0.00000496134061249445
0.00000745466472133871
0.00000088993549324704
0.00000159271746806020
-0.00001140456229249261
0.00592606881706395690
-0.00464689308316771490
-0.00116387422391607540
-0.01025480353211636100
0.01274961246711667900
23.91135934296546800000
-0.00000004146866015075
0.00000450895954370704
0.00000364665278810941
0.00000015111289716589
0.00000866511008580098
-0.00000323090883981162
0.00000279249745085006
-0.00000132225471969391
-0.00000251953805336169
-0.00000543153103258404
0.00000213784489381994
0.00000745466472133037
-0.00000217161903318061
0.00000159271746805654
-0.00000060218625691662
0.00592606881706181540
-0.00464689308316380140
-0.00116387422391335880
0.00237950742501974370
0.01274961246712622700
23.91135934296490000000
-0.00000004146866015087
0.00000450895954370529
0.00000364665278810839
0.00000015111289716524
0.00000377873749492601
-0.00000323090883981099
0.00000279249745084980
-0.00000132225471969410
-0.00000067593462440522
-0.00000543153103258414
0.00000213784489382051
0.00000496134061248989
-0.00000217161903317995
-0.00000088993549324862
0.00000045161680780621
0.00592606881706097580
-0.00464689308316211520
-0.00116387422391171430
0.00237950742501938980
0.01025480353212420700
23.91135934296492800000
