54,42,2688,1951,1530,4075,469,2738,738,0
54,42,2688,1948,1526,4075,468,2652,654,0
54,42,2624,1875,1535,2400,468,2587,571,0
54,42,2701,1953,1530,2227,468,1822,738,0
54,42,2707,1960,1620,3943,552,1828,737,0
54,42,2689,1948,1525,3810,881,2569,569,0
54,42,2687,1948,1613,4072,470,2737,737,0
54,42,2780,2037,1702,4175,1058,2830,821,0
54,42,2791,2047,1621,4026,553,1829,739,0
54,42,2864,2038,1701,4084,636,2829,821,0
54,42,2792,2044,1705,2322,553,1913,824,0
54,42,2785,2040,1702,2317,634,1993,821,0
54,42,2711,1961,1535,2153,468,1829,738,0
54,42,2775,2036,1701,4167,552,2825,819,0
54,42,2791,2041,1616,2234,552,1910,737,0
54,42,2773,2037,1613,4083,552,2824,821,0
42,42,2150,1053,1330,820,406,1096,0,180
42,42,1574,1157,1595,837,0,1109,21,201
42,42,2219,1302,1487,901,64,1170,0,349
42,42,1586,1072,1435,839,0,1114,21,200
42,42,3202,1082,1356,840,0,1212,103,115
42,42,2249,1158,1434,840,0,1200,21,200
42,42,3055,1131,1484,2495,487,1000,0,95
42,42,3264,1250,1348,922,0,1291,103,114
42,42,2182,1078,1356,844,0,1120,22,201
42,42,2085,1072,1602,755,0,1026,22,285
42,42,3148,1136,1320,2501,407,1089,0,95
42,42,2074,969,1335,735,405,1012,0,179
42,42,2049,1137,1490,733,406,1004,0,179
42,42,2152,1150,1591,836,0,1105,21,284
42,42,2135,1137,1322,735,408,1090,0,180
42,42,2164,1158,1600,840,0,1111,22,201
42,42,2065,1059,1248,735,322,1012,0,95
42,42,2162,1154,1600,839,0,1109,21,284
42,42,2146,1150,1588,2604,0,1105,21,284
42,42,3246,1236,1589,2602,0,1189,21,201
42,42,2061,964,1326,733,320,1007,0,95
30,42,2126,1531,3517,1894,895,820,0,1091
30,42,2141,1461,2074,720,732,827,0,848
30,42,2461,1617,3500,1893,812,738,0,1848
30,42,2131,1371,1982,1821,727,739,0,846
30,42,0,95,696,452,126,729,60,2344
30,42,2042,1454,2660,1814,730,741,0,848
30,42,2125,1451,2575,1811,727,739,0,844
30,42,2205,1529,3424,1979,895,821,0,1759
30,42,2372,1530,3333,1806,730,655,0,926
30,42,2043,1453,2578,1813,730,741,0,846
30,42,2446,1610,4402,7349,732,658,0,1671
30,42,2612,1690,3478,7389,812,824,0,1750
30,42,2120,1444,3417,1891,726,819,0,1671
30,42,2216,1536,2747,1899,897,822,0,929
30,42,2624,1614,2645,2395,812,823,0,1674
30,42,2538,1529,2645,3078,729,740,0,929
30,42,2462,1533,3341,2236,731,657,0,848
30,42,2127,1449,2663,1895,809,821,0,926
30,42,2128,1532,2749,1980,893,818,0,1009
30,42,2552,1536,2659,1900,813,824,0,929
18,42,1337,1259,4096,0,1553,103,115,1321
18,42,1429,1092,4178,0,1641,189,31,1239
18,42,1308,1145,4953,994,1604,74,0,1204
18,42,1234,988,3554,493,1541,0,12,1218
18,42,1226,1237,5181,750,1697,0,95,1385
18,42,1228,1068,5109,918,1528,0,11,1212
18,42,67,3333,0,2427,1448,31,550,647
18,42,1147,987,2365,665,1540,0,12,1220
18,42,1390,1227,4126,566,1603,158,0,1287
18,42,1229,1155,5122,749,1618,0,12,1302
18,42,1141,1067,4954,663,1527,0,11,1214
18,42,1137,1063,5017,913,1525,0,11,1208
18,42,1230,1155,5107,752,1617,0,11,1303
18,42,1230,1156,4977,749,1534,0,12,1304
18,42,1227,1066,4950,916,1526,0,11,1210
18,42,1232,1158,4966,750,1617,0,13,1303
18,42,1137,1063,5008,915,1523,0,12,1211
18,42,1219,1144,2517,739,1606,74,0,1290
6,42,1608,2134,2916,1808,2937,0,920,2879
6,42,1525,2043,3582,1807,4608,0,836,2786
6,42,1531,1970,2842,1390,2773,0,755,2716
6,42,1528,2052,2918,1471,2850,0,839,2881
6,42,1608,2050,2922,1810,2340,0,921,2884
6,42,1522,2049,3677,1811,2930,0,919,2875
6,42,1525,2054,3683,1814,2935,0,838,2878
6,42,1526,2049,2836,644,2253,0,838,2799
6,42,1527,2046,9534,1470,2845,0,838,2876
6,42,1524,1969,3610,1727,2859,0,837,2802
6,42,1528,2054,3684,1471,3789,0,839,2799
6,42,1611,2046,3671,1471,3858,0,839,2872
6,42,1446,1973,2844,810,2776,0,755,2719
6,42,1197,2059,2846,728,2955,0,923,2208
6,42,1528,1963,3594,1726,2764,0,756,2795
6,42,1029,1973,2761,560,2179,0,754,2037
6,42,1524,1963,2834,1723,3706,0,755,2711
6,42,1520,2039,4602,1806,2331,0,918,2884
6,42,1030,1976,2855,810,2786,0,754,2039
6,42,1446,1967,2752,1389,2171,0,755,2804
6,42,1613,2052,2916,1472,3865,0,921,2878
6,42,1114,1976,3695,646,2780,0,759,2723
54,30,2205,1288,706,1644,222,2838,661,0
54,30,2211,1289,789,1646,223,2846,743,0
54,30,2047,1121,708,1564,55,2770,579,0
54,30,2136,1290,874,1649,223,1843,743,0
54,30,2131,1207,706,1564,138,2849,661,0
54,30,2128,1286,790,1643,222,2848,660,0
54,30,2287,1369,878,1726,222,2921,747,0
54,30,1994,1064,653,1424,0,2718,524,31
54,30,2116,1202,624,3897,55,2746,579,0
54,30,1986,1150,653,1503,0,2702,524,31
54,30,2051,1123,708,1480,55,2692,579,0
54,30,2203,1283,791,1640,223,2918,662,0
54,30,2122,1203,706,1561,138,2839,661,0
54,30,2206,1286,788,1640,223,2842,659,0
54,30,2207,1289,791,1817,223,2840,745,0
54,30,2042,1119,708,1561,55,2757,579,0
54,30,2128,1292,792,1646,224,2848,662,0
54,30,2115,1195,704,1552,138,2830,659,0
54,30,2218,1288,875,1648,222,1844,744,0
54,30,2128,1208,708,1562,55,2760,579,0
54,30,2119,1201,708,1555,55,2753,578,0
54,30,1984,1148,653,1504,0,2696,524,31
54,30,2209,1285,872,1642,223,2845,742,0
54,30,2204,1288,709,1730,139,2834,663,0
54,30,2057,1127,624,1485,55,2775,579,0
54,30,2206,1288,791,1645,222,2842,746,0
54,30,2119,1203,792,1641,138,2833,661,0
42,30,2174,728,829,929,0,1707,517,614
42,30,1906,561,748,2532,0,1442,187,536
42,30,1838,476,663,1784,0,1286,105,538
42,30,2076,642,830,2614,0,1532,355,706
42,30,1903,561,746,2530,0,1529,271,535
42,30,2000,646,745,2542,0,1532,351,532
42,30,2053,725,2076,2591,0,1598,352,699
42,30,1914,560,747,2546,0,1363,187,622
42,30,1990,647,746,2536,0,1442,271,534
42,30,2087,643,829,2631,0,1619,352,617
42,30,1993,645,832,2538,0,1529,271,620
42,30,1907,562,746,2531,0,1445,271,536
42,30,2002,559,744,2547,0,1533,350,533
42,30,1990,644,831,2531,0,1442,271,618
42,30,1989,559,744,2531,0,1441,268,533
42,30,2076,730,827,2703,0,1610,355,704
42,30,1998,643,828,2627,0,1528,353,617
42,30,1923,558,832,1865,0,1450,271,707
42,30,1990,646,832,2616,0,1528,353,620
42,30,1998,645,831,2633,0,1530,353,619
42,30,1980,644,741,2520,0,1522,268,618
42,30,2000,645,829,2630,0,1531,354,619
42,30,1903,558,745,2533,0,1441,269,532
42,30,1902,560,746,2526,0,1442,269,534
30,30,1351,1532,2801,636,4146,1826,0,4177
30,30,1189,1370,2645,469,1401,658,0,1773
30,30,1361,616,1470,637,900,742,0,1775
30,30,1440,616,1461,720,901,825,0,846
30,30,1265,1363,1375,551,1396,656,0,1683
30,30,1437,618,1459,721,1568,743,0,1766
30,30,1450,701,1559,722,901,827,0,934
30,30,1268,1451,1373,552,3978,659,0,4009
30,30,1273,619,1465,555,1487,1752,0,1773
30,30,1434,1533,1544,716,1566,737,0,1682
30,30,1521,1620,1542,801,980,822,0,1766
30,30,1429,1614,1536,800,1557,1824,0,1758
30,30,1350,616,1455,720,1476,1827,0,4264
30,30,1352,617,1457,720,1478,741,0,1599
30,30,1187,1366,1378,473,5247,1742,0,4102
30,30,1362,617,1467,638,905,743,0,850
18,30,655,577,1955,0,2314,273,368,1568
18,30,743,575,1967,0,784,22,452,1666
18,30,739,571,1945,0,779,438,449,1738
18,30,817,737,1518,0,947,521,616,1822
18,30,655,489,1783,0,2141,356,280,1486
18,30,566,577,1874,0,2152,354,366,1573
18,30,655,575,1955,0,784,271,454,1653
18,30,569,490,1854,0,2127,271,282,3676
18,30,570,490,1874,0,702,271,369,1574
18,30,656,578,1872,0,2230,357,368,1573
18,30,737,657,2020,0,2295,438,450,3841
18,30,722,554,1862,65,762,0,347,1560
18,30,569,491,1855,0,2215,273,370,3758
18,30,815,737,2033,0,947,604,528,1823
18,30,569,491,1866,0,2138,356,280,1483
18,30,569,491,1871,0,2233,270,282,1570
18,30,652,574,1953,0,784,355,453,1654
18,30,567,488,1791,0,700,355,279,1580
18,30,656,576,1947,0,2221,271,367,1738
18,30,817,739,2052,0,951,606,618,1834
18,30,567,489,1863,0,2216,356,367,8110
18,30,570,490,1281,0,702,357,281,1501
18,30,735,655,1955,0,864,522,534,1740
18,30,571,491,1787,0,2146,270,282,1489
18,30,815,735,2042,0,947,602,614,1827
18,30,655,575,1867,0,2226,355,366,1569
18,30,567,579,1861,0,2305,273,370,1648
18,30,565,486,1856,0,2129,353,364,7357
18,30,655,577,1861,0,2216,357,280,8097
6,30,704,1308,2262,647,2634,0,852,2835
6,30,787,1391,3178,730,3283,0,849,3060
6,30,705,1308,3109,649,2627,0,767,2908
6,30,706,1314,2262,649,2716,0,856,2995
6,30,704,1313,2173,647,2715,0,854,2832
6,30,706,1312,2179,649,2634,0,853,2834
6,30,706,1310,3110,649,2625,0,768,2907
6,30,620,1225,2089,564,2543,0,682,2742
6,30,704,1310,3107,650,2625,0,766,2905
6,30,701,1304,2167,646,2623,0,762,2906
6,30,705,1226,3098,562,3205,0,767,2897
6,30,784,1383,3099,730,2698,0,846,2980
6,30,703,1307,3105,646,2621,0,764,2820
6,30,704,1307,3103,647,2621,0,766,2901
6,30,706,1393,3183,649,2703,0,853,2981
6,30,702,1388,3105,646,2620,0,850,2904
6,30,872,1389,2270,728,2633,0,759,2839
6,30,619,1226,3031,563,2543,0,767,2826
6,30,788,1391,3187,731,2707,0,850,2985
6,30,784,1475,2266,729,2722,0,846,2925
54,18,1981,803,728,1589,0,3053,1112,1123
54,18,1896,719,731,1507,0,3053,1026,1123
54,18,1895,805,643,1590,0,3052,1027,1126
54,18,1976,886,811,1589,0,3135,1107,1119
54,18,1902,722,646,1511,0,3071,1031,1043
54,18,1817,636,562,1423,0,2973,947,959
54,18,1983,802,642,1589,0,2983,1027,1039
54,18,1981,804,728,1591,0,3066,1111,1123
54,18,1896,801,727,1504,0,3073,1023,1034
54,18,1899,720,644,1507,0,2985,1027,1039
54,18,1974,886,811,1587,0,3132,1107,1119
54,18,1895,720,644,1505,0,2983,1025,1037
54,18,1899,720,560,1505,0,2981,1027,1125
54,18,1893,803,642,1586,0,3059,1026,1124
54,18,1895,718,644,1503,0,2971,1025,1037
54,18,1802,719,559,1498,0,2960,939,1038
54,18,1902,720,644,1510,0,2989,1029,1041
54,18,1899,718,644,1507,0,2984,943,955
54,18,1895,720,644,1505,0,3065,1027,1125
54,18,1898,720,559,1505,0,2971,945,957
54,18,1900,805,729,1594,0,3074,1027,1124
54,18,1731,636,560,1422,0,2975,941,1122
54,18,1981,806,730,1590,0,3140,1113,1124
54,18,1973,887,813,1584,0,3131,1107,1206
54,18,1901,804,728,1508,0,3151,1027,1125
54,18,1891,718,642,1503,0,2972,1026,1037
54,18,1979,889,813,1591,0,3147,1109,1208
42,18,1804,884,895,907,0,2198,1610,2723
42,18,1640,718,899,739,0,1950,1446,2639
42,18,1724,883,895,818,0,2034,1532,1458
42,18,1825,386,480,829,0,2051,688,784
42,18,1737,891,903,743,0,2047,602,697
42,18,1718,798,896,819,0,2118,1525,2637
42,18,1728,301,901,740,0,1954,601,1375
42,18,1733,886,897,821,0,2047,598,694
42,18,1817,384,899,823,0,2129,684,1464
42,18,1811,885,983,907,0,2123,766,1543
42,18,1724,800,897,821,0,2034,1531,1457
42,18,1808,886,898,909,0,2122,769,2651
42,18,1810,886,983,821,0,2204,682,1458
42,18,1559,634,817,741,0,1955,1450,2482
42,18,1806,882,977,2096,0,2030,1527,1453
42,18,1646,805,817,741,0,1958,600,1461
42,18,1740,811,476,743,0,2054,686,698
42,18,1727,805,902,738,0,2038,1533,2644
42,18,1725,798,895,819,0,2037,1448,1372
42,18,1824,384,477,826,0,2050,686,781
42,18,1735,303,903,741,0,1961,603,1378
42,18,1731,804,476,739,0,1955,1280,1376
42,18,1817,387,987,825,0,2131,687,1462
42,18,1819,889,986,910,0,2132,769,1548
42,18,1813,384,983,821,0,2037,684,1459
30,18,500,0,521,105,372,725,647,6739
30,18,499,0,521,21,290,643,561,928
30,18,581,0,605,189,287,723,645,9521
30,18,503,0,436,21,119,643,477,2977
30,18,503,0,436,21,204,559,391,4634
30,18,556,55,665,76,0,698,616,986
30,18,499,0,1384,21,888,724,559,6665
30,18,417,0,439,21,205,560,391,2960
30,18,581,0,604,189,372,812,645,921
30,18,503,0,526,21,118,646,477,3046
30,18,583,0,605,189,373,815,645,9608
30,18,583,0,606,105,374,727,649,930
30,18,502,0,523,22,205,644,476,9444
30,18,503,0,436,21,118,645,477,754
30,18,502,0,523,22,290,643,476,9435
30,18,499,0,523,21,811,555,473,846
30,18,503,0,527,22,205,647,477,1705
30,18,502,0,611,21,1062,644,476,4652
30,18,510,0,444,21,118,566,399,771
30,18,499,0,522,107,204,729,563,929
30,18,586,0,610,105,288,731,560,1783
30,18,638,55,661,244,0,870,702,981
30,18,503,0,524,21,1066,648,477,4647
30,18,505,0,528,22,205,651,479,938
30,18,587,0,521,105,203,729,561,926
30,18,501,0,525,22,290,645,567,846
30,18,587,0,520,105,288,729,561,3050
30,18,507,0,440,107,119,651,481,763
18,18,1133,1145,2176,0,1261,848,943,2402
18,18,1132,1058,1911,0,1174,847,1699,2308
18,18,1218,1144,2008,0,1261,931,943,2409
18,18,1134,1060,2004,0,1176,849,1789,2315
18,18,636,1061,2006,0,1178,850,1790,2400
18,18,1050,976,1912,0,1178,847,1783,2310
18,18,636,1145,2087,0,1262,932,1872,2400
18,18,554,983,1760,0,1099,854,780,2241
18,18,1049,975,1913,0,1178,764,1782,2314
18,18,634,1059,2001,0,1176,848,1788,2393
18,18,1050,975,1914,0,1092,846,1703,2309
18,18,1219,1143,2002,0,1173,932,1789,2315
18,18,555,986,2013,0,1190,855,950,2413
18,18,1047,973,1912,0,1176,762,1698,2306
18,18,552,977,1919,0,1180,766,1706,2315
18,18,1214,1140,2000,0,1257,847,1785,2397
18,18,638,1150,2007,0,1266,936,948,2403
18,18,1049,1061,1999,0,1177,847,1702,2391
18,18,1219,1145,2004,0,1261,936,1791,2400
18,18,1051,891,1829,0,1006,762,1618,2225
18,18,1048,1059,2087,0,1176,764,1783,2391
18,18,1135,1061,2001,0,1264,932,1872,2481
6,18,308,491,1609,0,2309,21,801,2762
6,18,308,491,2285,0,2307,21,797,2763
6,18,139,408,1527,0,2141,702,714,2601
6,18,139,409,1524,0,2132,701,712,2591
6,18,140,409,2192,0,2125,700,711,2662
6,18,222,406,1526,0,2220,702,714,2591
6,18,306,491,2368,0,2391,871,883,2924
6,18,139,408,1518,0,2125,699,710,2742
6,18,226,496,1615,0,1547,22,801,2691
6,18,222,407,2196,0,2217,785,797,2672
6,18,308,492,1609,0,1796,21,715,3770
6,18,224,493,2278,0,2211,21,793,2748
6,18,222,405,1524,0,2222,787,713,2675
6,18,306,490,2272,0,4137,868,794,3832
6,18,224,407,2281,0,2303,21,799,3763
6,18,307,576,2361,0,2294,868,794,3843
6,18,222,492,2362,0,2296,868,793,2830
6,18,222,405,2195,0,2216,701,713,3681
6,18,222,492,1605,0,2214,784,710,2752
6,18,222,406,1526,0,2221,702,713,2671
6,18,307,490,2269,0,2290,782,794,2741
6,18,139,408,2192,0,2214,702,714,2666
6,18,223,492,1613,0,1545,703,798,2682
6,18,55,410,2190,0,1540,699,711,2664
6,18,308,491,2356,0,4137,870,795,3833
6,18,222,406,1525,0,2139,702,713,2678
6,18,224,409,1530,0,1462,21,718,2776
6,18,222,405,2192,0,2213,784,709,2750
6,18,306,490,2360,0,2293,786,797,3758
6,18,223,406,1525,0,2221,788,713,2678
6,18,222,406,2272,0,4050,702,714,3748
54,6,2658,902,0,2024,847,3715,1969,1463
54,6,2079,898,0,2022,929,2805,2053,1552
54,6,2165,981,0,2108,1011,2887,2053,1547
54,6,2665,1487,0,2020,928,2715,2051,1636
54,6,2074,977,0,2019,1010,2802,2136,1635
54,6,2666,1483,0,2019,926,2800,2050,1547
54,6,2654,1402,0,1936,926,4039,2050,1551
54,6,2084,896,0,1942,927,2644,1972,1552
54,6,2740,1487,0,2020,926,2874,2051,1550
54,6,2166,983,0,2109,1014,2811,2140,1637
54,6,2659,1486,0,2019,1010,2794,2050,1635
54,6,2082,816,0,1940,847,2718,1971,1466
54,6,2084,897,0,1941,928,2727,1972,1465
54,6,2571,1402,0,1932,842,2705,1963,1551
54,6,2581,1402,0,1937,925,2715,2052,1551
54,6,2160,981,0,2018,926,2875,2049,1634
54,6,2661,1488,0,2018,928,2795,2048,1635
54,6,2756,981,0,2107,1012,2807,2138,1635
54,6,2085,899,0,2027,930,2723,2057,1553
54,6,2739,1486,0,2103,1010,2874,2134,1635
54,6,2661,1400,0,1936,926,2712,2050,1634
54,6,2163,1485,0,2020,1009,2795,2051,1634
54,6,2653,1487,0,2015,928,4041,2046,3975
54,6,2082,897,0,1942,928,2641,2056,1553
42,6,1101,0,12,621,204,1411,902,1085
42,6,1187,0,96,618,288,1410,900,1083
42,6,1176,0,180,700,287,2066,978,3107
42,6,1267,0,95,702,287,1488,983,1166
42,6,1191,0,12,622,204,1413,902,1087
42,6,1181,0,96,617,288,1405,982,1165
42,6,1181,0,12,619,204,1401,900,2949
42,6,1085,0,11,527,120,1892,806,2773
42,6,1178,0,12,617,204,1401,897,2951
42,6,1095,0,11,617,204,1317,898,2961
42,6,1177,0,97,617,289,1399,979,3028
42,6,1182,0,95,703,288,1494,983,1166
42,6,1179,0,179,702,286,2077,982,1251
42,6,1272,0,180,705,374,1494,984,1167
42,6,1091,0,12,615,205,1901,894,2948
42,6,1173,0,262,697,284,1984,975,3029
42,6,1183,0,12,616,205,1406,897,994
42,6,1263,0,181,701,374,1487,980,1247
42,6,1276,0,95,707,288,1496,987,1170
42,6,1104,0,11,535,204,1329,901,998
30,6,1147,0,1082,1513,1525,2145,1546,2255
30,6,1230,0,1166,1599,1611,2225,1544,8315
30,6,1148,0,1083,1520,937,2066,1463,2179
30,6,1067,0,1089,681,857,1982,1385,2093
30,6,1066,0,1941,1434,938,2062,1465,7492
30,6,983,0,1088,680,856,1985,1384,2190
30,6,1148,0,1171,1438,939,2157,1554,2272
30,6,981,0,1002,1358,853,1898,1301,2012
30,6,1064,0,1088,1353,1538,1986,1469,2187
30,6,1150,0,1173,1437,1021,2157,1554,2266
30,6,1145,0,1166,1603,1614,2146,1546,2259
30,6,1061,0,1083,1348,1531,2062,1463,2175
30,6,1063,0,999,1520,2398,2060,1379,2081
30,6,979,0,1084,1266,852,1976,1380,2176
30,6,1144,0,1848,1510,1610,2146,1541,2344
30,6,1065,0,1855,1520,1020,2063,1550,8309
30,6,1065,0,1172,763,938,2071,1470,2184
18,6,0,12,1970,205,723,735,832,8247
18,6,158,0,1957,191,2062,807,819,7232
18,6,244,0,1044,189,714,811,823,2024
18,6,0,12,1057,119,725,737,836,2127
18,6,0,96,1047,203,2081,733,916,6671
18,6,74,0,2136,192,796,808,905,6745
18,6,0,12,968,205,723,735,832,2120
18,6,158,0,1043,276,797,809,908,2201
18,6,0,12,972,119,640,651,751,2040
18,6,74,0,1038,193,2062,809,906,6730
18,6,0,12,1052,119,725,736,834,2120
18,6,0,11,2053,292,2074,818,915,8320
18,6,158,0,1129,277,798,895,906,2196
18,6,0,12,972,119,642,654,751,2036
18,6,74,0,1044,193,710,722,821,2027
18,6,0,12,975,33,644,655,754,2045
18,6,0,12,966,119,721,733,744,2030
18,6,0,12,1968,205,2075,733,916,6661
18,6,74,0,1039,278,795,807,904,6734
6,6,0,921,2130,1112,1726,1385,2085,3707
6,6,0,1008,2123,1193,2312,1468,2078,3777
6,6,0,1602,4231,1276,2229,1467,2079,3774
6,6,0,1766,4142,1440,3141,1547,2239,3847
6,6,0,923,2126,1194,2147,1383,2080,2936
6,6,0,923,2046,1110,2151,1385,1999,3698
6,6,0,1007,2219,1197,1811,1470,2174,3029
6,6,0,924,2040,1111,2145,1382,2080,3610
6,6,0,1093,2205,1278,2392,1465,2160,3776
6,6,0,1008,3058,1280,2319,1471,2171,3786
6,6,0,1094,2211,1363,2402,1468,2164,3110
6,6,0,924,2047,1113,2153,1388,2000,3700
6,6,0,1010,3985,1281,2317,1472,2168,3778
6,6,0,1092,2209,1279,2400,1470,2164,3021
6,6,0,924,2045,1195,2236,1386,2085,2941
6,6,0,1007,2126,1278,2319,1467,2168,3024
6,6,0,1009,2131,1196,2236,1470,2084,3701
6,6,0,924,2047,1111,2152,1384,2087,2859
6,6,0,1007,2119,1192,2310,1465,2074,3778
6,6,0,923,2041,1192,2230,1384,2081,3693
6,6,0,1092,3048,1360,2393,1550,2242,3858
6,6,0,923,2132,1198,2237,1471,2085,3784
6,6,0,1093,2208,1280,2397,1552,2161,3859
6,6,0,1007,2125,1194,2230,1468,2166,3021
6,6,0,1007,2130,1196,1808,1383,2085,3711
6,6,0,1009,2127,1194,2316,1384,2082,3697
6,6,0,1008,2126,1277,2231,1468,2079,3776
6,6,0,1598,4062,1358,2308,1551,2160,3769
6,6,0,1007,2131,1194,2320,1384,2084,3708
6,6,0,925,2130,1196,2235,1387,2085,2944
