0,924,2124,1139,1744,1413:(6,6)
0,987,2204,1205,2367,1431:(6,6)
0,1124,2271,1342,2495,1496:(6,6)
0,1118,2240,1267,2468,1482:(6,6)
0,1076,2225,1293,2457,1445:(6,6)
301,510,2303,0,1613,674:(6,18)
300,511,2302,0,2962,876:(6,18)
304,517,2339,0,2296,21:(6,18)
293,502,2315,0,1599,734:(6,18)
362,506,1650,0,2371,85:(6,18)
1529,1408,3062,704,2683,0:(6,30)
1568,1447,3145,820,2774,0:(6,30)
1565,1311,3163,548,3246,0:(6,30)
1689,1506,2301,797,2745,0:(6,30)
1592,1401,3138,717,3288,0:(6,30)
1716,2057,2869,1817,2752,0:(6,42)
1794,2062,9490,2606,3836,0:(6,42)
1730,2061,9454,2615,3840,0:(6,42)
1736,2073,9503,1444,2752,0:(6,42)
1762,2098,2897,1853,2849,0:(6,42)
252,0,1067,153,755,766:(18,6)
252,0,1997,285,822,833:(18,6)
258,0,1147,152,762,773:(18,6)
249,0,1142,215,821,832:(18,6)
258,0,1073,152,754,765:(18,6)
1237,1048,1990,0,1213,891:(18,18)
1212,1028,2008,0,1252,928:(18,18)
1241,1052,2045,0,1216,846:(18,18)
1237,983,1988,0,1144,883:(18,18)
1329,1147,2085,0,2747,911:(18,18)
1984,700,2004,0,2294,412:(18,30)
1945,581,1897,0,2304,495:(18,30)
1905,647,1925,0,2272,362:(18,30)
1998,723,2020,0,894,495:(18,30)
1932,650,1954,0,2312,349:(18,30)
1471,1230,3979,0,2789,93:(18,42)
1444,1188,4050,0,2077,79:(18,42)
1317,1133,3947,899,2749,0:(18,42)
1327,1076,3933,902,2759,0:(18,42)
1351,1163,3954,983,2844,0:(18,42)
1835,0,1226,1369,993,2022:(30,6)
1840,0,1205,1347,945,2030:(30,6)
1958,0,1156,1859,966,2078:(30,6)
1934,0,1231,840,1642,2119:(30,6)
2014,0,1899,1981,2722,2136:(30,6)
1385,0,537,22,701,570:(30,18)
1433,0,579,83,531,744:(30,18)
1382,0,630,93,379,727:(30,18)
1407,0,459,83,223,625:(30,18)
1445,0,584,154,942,816:(30,18)
1560,0,812,22,895,174:(30,30)
1525,763,644,0,72,20:(30,30)
1622,0,840,152,797,174:(30,30)
1471,828,709,0,731,1128:(30,30)
1456,770,714,0,671,1369:(30,30)
1632,0,765,163,787,1274:(30,30)
3800,867,2695,2513,52,0:(30,42)
3808,876,2699,2570,61,0:(30,42)
3763,847,1874,2453,0,11:(30,42)
2667,815,2619,1534,61,0:(30,42)
2689,779,2711,1185,0,72:(30,42)
1451,0,11,604,173,1976:(42,6)
1463,0,11,614,219,1999:(42,6)
1454,0,11,598,219,1953:(42,6)
1446,0,11,667,409,2030:(42,6)
1448,0,72,655,225,1957:(42,6)
2057,997,1008,883,0,2294:(42,18)
1872,757,768,849,0,2114:(42,18)
2138,518,1002,950,0,2193:(42,18)
1949,934,945,824,0,2068:(42,18)
2050,972,983,923,0,2168:(42,18)
2214,737,820,2590,0,1542:(42,30)
2112,725,860,2565,0,1396:(42,30)
2159,724,2046,2545,0,1436:(42,30)
2217,743,821,2109,0,1611:(42,30)
2249,726,868,813,0,1702:(42,30)
2347,1092,1445,801,0,1136:(42,42)
2296,1189,1600,2589,0,1098:(42,42)
2373,1177,1325,2546,0,1086:(42,42)
2335,1188,1400,2577,0,1092:(42,42)
2497,1269,1352,2589,0,1245:(42,42)
3004,1581,0,2125,1077,2915:(54,6)
2943,979,0,2055,1012,2866:(54,6)
2948,1563,0,2053,1057,2933:(54,6)
2880,1484,0,2017,1051,2804:(54,6)
2953,1049,0,2071,1151,2867:(54,6)
2714,791,735,1499,0,3102:(54,18)
2733,735,613,1561,0,3034:(54,18)
2728,791,604,1524,0,3028:(54,18)
2727,779,663,1574,0,3091:(54,18)
2771,848,591,1703,0,3162:(54,18)
2804,1090,624,1433,0,2667:(54,30)
2825,1066,641,1474,0,2688:(54,30)
2806,1021,555,1425,0,2668:(54,30)
2775,1063,629,1358,0,2614:(54,30)
2819,1076,616,1429,0,2682:(54,30)
3068,1457,1079,1479,0,1374:(54,42)
3082,1450,1081,3622,0,2183:(54,42)
3078,1512,1054,1660,0,2150:(54,42)
3116,1468,1092,3685,0,1325:(54,42)
3107,1483,1048,3589,0,1273:(54,42)
38,247,1914,0,1336,484:(12,12)
38,834,1370,0,1325,484:(12,12)
37,839,1777,0,1335,484:(12,12)
38,770,1380,0,1332,488:(12,12)
104,319,1852,0,1406,492:(12,12)
0,877,1878,29,1366,457:(12,12)
169,248,1855,0,1349,492:(12,12)
0,212,1411,33,1302,450:(12,12)
1214,786,2278,0,3765,285:(12,24)
1285,854,2363,0,3286,416:(12,24)
1747,879,2420,0,3472,671:(12,24)
1579,838,1795,0,3311,473:(12,24)
1715,925,2461,0,3441,657:(12,24)
1717,886,2396,0,4054,598:(12,24)
2354,1328,3954,715,15113,0:(12,36)
2380,1445,3991,762,4013,0:(12,36)
2350,1452,4027,817,4047,0:(12,36)
986,0,1008,22,507,848:(24,12)
975,0,1137,152,618,960:(24,12)
1018,48,968,0,468,813:(24,12)
1008,43,1031,0,526,810:(24,12)
1045,0,995,151,572,961:(24,12)
1616,897,1498,0,530,541:(24,24)
1561,842,1379,0,415,485:(24,24)
1620,307,1435,0,399,410:(24,24)
1616,903,1440,0,476,547:(24,24)
1537,885,1494,0,572,583:(24,24)
2440,1826,1578,402,2751,0:(24,36)
2877,951,3866,473,1606,0:(24,36)
1361,778,3890,474,422,0:(24,36)
2417,1804,3743,402,2914,0:(24,36)
2382,782,8820,406,1746,0:(24,36)
1975,0,541,934,498,1625:(36,12)
1945,0,402,343,353,1544:(36,12)
1948,0,407,418,296,1602:(36,12)
1454,0,345,356,232,1572:(36,12)
2094,0,406,487,498,1748:(36,12)
1984,0,405,346,357,1621:(36,12)
1648,1527,4171,1681,0,484:(36,24)
1474,1485,2638,1441,0,281:(36,24)
1498,403,4063,1531,0,378:(36,24)
1577,451,2553,1543,0,423:(36,24)
1565,438,2658,1596,0,476:(36,24)
1497,358,774,1530,0,402:(36,24)
2180,296,43,1049,0,2548:(36,36)
2141,822,110,1118,0,2531:(36,36)
2125,228,43,1042,0,2503:(36,36)
2096,228,43,1073,0,2685:(36,36)
2111,894,43,1118,0,2697:(36,36)
2775,1065,1678,1548,0,2688:(48,12)
2724,1026,1581,1451,0,2637:(48,12)
2670,1003,1587,1405,0,2583:(48,12)
2691,1048,1714,1404,0,2610:(48,12)
2632,988,797,1331,0,2489:(48,12)
2565,1022,772,914,0,1766:(48,36)
2428,845,855,933,0,1472:(48,36)
2587,1030,839,2244,0,1924:(48,36)
2391,871,882,959,0,1463:(48,36)
2579,976,786,4201,0,1565:(48,36)
