-0.00000648102435043400
0.00000015057059551267
-0.00000195751904223136
-0.00000068766209334329
-0.00000381389307143994
-0.00000265179936653267
-0.00000093614541493608
0.00000272271168390105
-0.00000077371578411859
0.00000923573771254452
0.00000109577096244981
0.00000177313152110592
0.00000366219345048193
-0.00000496075840884584
-0.00000105993770104734
-0.00000595054406976854
0.00000374498463774059
0.00000274932614075295
0.00000266070894448000
0.00000445846679949965
-0.00000398623013954287
-0.01381108713438997500
0.00641392702453326590
0.01149706858785839300
-0.00608821755867666390
0.00250246693302279280
0.00273182340635800580
34.69532473915914000000
-0.00000100562699377145
0.00000015057059551247
-0.00000195751904223336
-0.00000068766209334239
-0.00000381389307144298
-0.00000265179936653542
-0.00000122037536221656
0.00000112457182927149
0.00000268178515388565
-0.00000093334339650072
-0.00000204620267095482
0.00000177313152110785
0.00000366219345047915
-0.00000496075840884360
-0.00000105993770104766
-0.00000595054406976524
0.00000374498463773742
0.00000274932614075391
0.00000266070894447981
0.00000445846679949851
-0.00000398623013953627
0.00324598125870593580
0.00641392702453325370
0.01149706858785788100
-0.00608821755867579310
0.00250246693302165480
0.00273182340635879680
34.69532473915889200000
-0.00000100562699377150
-0.00000648102435043450
-0.00000195751904223074
-0.00000068766209334152
-0.00000381389307144012
-0.00000265179936653085
0.00000161768954102750
0.00000112457182927036
0.00000268178515388752
-0.00000093334339650253
-0.00000204620267095444
-0.00000272271168390122
0.00000077371578411973
-0.00000923573771254695
-0.00000109577096244884
-0.00000595054406976981
0.00000374498463774438
0.00000274932614074969
0.00000266070894447750
0.00000445846679950042
-0.00000398623013954451
0.00324598125870605120
0.01381108713438970600
0.01149706858785812100
-0.00608821755867573410
0.00250246693302235560
0.00273182340635792950
34.69532473915884900000
-0.00000100562699377147
-0.00000648102435043371
0.00000015057059551263
-0.00000068766209334270
-0.00000381389307143966
-0.00000265179936653252
0.00000161768954102744
0.00000122037536221622
0.00000268178515388789
-0.00000093334339650349
-0.00000204620267095339
-0.00000093614541493646
0.00000077371578411720
-0.00000923573771254295
-0.00000109577096244881
-0.00000366219345048169
0.00000496075840884562
0.00000105993770104700
0.00000266070894447922
0.00000445846679949683
-0.00000398623013954020
0.00324598125870591280
0.01381108713438982400
-0.00641392702453326930
-0.00608821755867626140
0.00250246693302234170
0.00273182340635820010
34.69532473915908400000
-0.00000100562699377145
-0.00000648102435043331
0.00000015057059551244
-0.00000195751904223048
-0.00000381389307143239
-0.00000265179936652836
0.00000161768954102729
0.00000122037536221679
-0.00000112457182927083
-0.00000093334339650327
-0.00000204620267095500
-0.00000093614541493709
0.00000272271168390170
-0.00000923573771253953
-0.00000109577096244923
0.00000177313152110643
0.00000496075840884635
0.00000105993770104649
-0.00000374498463774722
-0.00000274932614074725
-0.00000398623013954915
0.00324598125870578960
0.01381108713439021200
-0.00641392702453318870
-0.01149706858785813500
0.00250246693302228620
0.00273182340635855050
34.69532473915889200000
-0.00000100562699377144
-0.00000648102435043433
0.00000015057059551275
-0.00000195751904222978
-0.00000068766209335014
-0.00000265179936653466
0.00000161768954102710
0.00000122037536221591
-0.00000112457182926837
-0.00000268178515388860
-0.00000204620267095164
-0.00000093614541493497
0.00000272271168389971
-0.00000077371578412167
-0.00000109577096245065
0.00000177313152110441
0.00000366219345048459
0.00000105993770104588
-0.00000595054406976706
-0.00000274932614075241
-0.00000445846679949439
0.00324598125870570330
0.01381108713439021700
-0.00641392702453325110
-0.01149706858785825400
0.00608821755867618860
0.00273182340635847420
34.69532473915884200000
-0.00000100562699377141
-0.00000648102435043348
0.00000015057059551195
-0.00000195751904223307
-0.00000068766209334139
-0.00000381389307143954
0.00000161768954102674
0.00000122037536221743
-0.00000112457182927226
-0.00000268178515389060
0.00000093334339650404
-0.00000093614541493827
0.00000272271168390598
-0.00000077371578411320
0.00000923573771254425
0.00000177313152110847
0.00000366219345048249
-0.00000496075840884679
-0.00000595054406976795
0.00000374498463774278
0.00000266070894448086
0.00324598125870592500
0.01381108713439001300
-0.00641392702453334740
-0.01149706858785808100
0.00608821755867633780
-0.00250246693302232090
34.69532473915900500000
0.00000137877684636025
-0.00000023652741241756
0.00000352107034679362
0.00000556735269594127
-0.00000731252313575793
0.00000810204629284830
0.00000037287591270404
0.00000056748248646444
-0.00000412130909436574
0.00001113581937550718
-0.00000900762326930105
-0.00000007023768277401
-0.00000334864401388143
0.00000251184663172092
0.00000060424176708407
0.00000125872676800003
-0.00000416143454426530
-0.00000602220806137195
0.00000175883031406959
-0.00000556698716841551
0.00000306035386601019
0.00307183033423697950
-0.00294408246591296770
0.00982950007620845070
-0.02020052800417147100
0.01074464633819769200
0.00220010018696458610
28.15612635714951000000
-0.00000000807107904650
-0.00000023652741241771
0.00000352107034679220
0.00000556735269594344
-0.00000731252313575810
0.00000810204629284723
-0.00000040297220998181
-0.00000138553034035764
0.00000111532219728792
-0.00000031963062847117
-0.00000072813028029905
-0.00000007023768277211
-0.00000334864401388404
0.00000251184663172304
0.00000060424176708345
0.00000125872676800113
-0.00000416143454426552
-0.00000602220806137246
0.00000175883031406581
-0.00000556698716841373
0.00000306035386601202
0.00270146646552341450
-0.00294408246591288270
0.00982950007620863980
-0.02020052800417195700
0.01074464633819838900
0.00220010018696405360
28.15612635714961700000
-0.00000000807107904639
0.00000137877684635780
0.00000352107034679320
0.00000556735269593229
-0.00000731252313578456
0.00000810204629284695
-0.00000170479910372918
-0.00000138553034035811
0.00000111532219728969
-0.00000031963062847200
-0.00000072813028029982
-0.00000056748248646786
0.00000412130909437571
-0.00001113581937552492
0.00000900762326930832
0.00000125872676800271
-0.00000416143454427017
-0.00000602220806137118
0.00000175883031410037
-0.00000556698716842461
0.00000306035386602582
0.00270146646552323590
-0.00307183033423685980
0.00982950007620904570
-0.02020052800417189400
0.01074464633819868400
0.00220010018696367720
28.15612635714966000000
-0.00000000807107904650
0.00000137877684636042
-0.00000023652741241753
0.00000556735269594354
-0.00000731252313575459
0.00000810204629284859
-0.00000170479910372928
0.00000040297220998153
0.00000111532219728955
-0.00000031963062847312
-0.00000072813028029798
0.00000037287591270368
0.00000412130909436415
-0.00001113581937550550
0.00000900762326930167
0.00000334864401388203
-0.00000251184663172175
-0.00000060424176708404
0.00000175883031406434
-0.00000556698716841584
0.00000306035386601001
0.00270146646552335170
-0.00307183033423705930
0.00294408246591286800
-0.02020052800417214800
0.01074464633819864600
0.00220010018696401020
28.15612635714964500000
-0.00000000807107904648
0.00000137877684636052
-0.00000023652741241777
0.00000352107034679367
-0.00000731252313575978
0.00000810204629284924
-0.00000170479910372954
0.00000040297220998209
0.00000138553034035814
-0.00000031963062847357
-0.00000072813028029935
0.00000037287591270334
0.00000056748248646610
-0.00001113581937550725
0.00000900762326930422
-0.00000007023768277342
-0.00000251184663171968
-0.00000060424176708478
0.00000416143454426322
0.00000602220806137413
0.00000306035386601371
0.00270146646552329140
-0.00307183033423685630
0.00294408246591288270
-0.00982950007620871960
0.01074464633819877800
0.00220010018696408310
28.15612635714961700000
-0.00000000807107904649
0.00000137877684635985
-0.00000023652741241746
0.00000352107034679394
0.00000556735269593915
0.00000810204629284603
-0.00000170479910372937
0.00000040297220998134
0.00000138553034036002
-0.00000111532219728942
-0.00000072813028029672
0.00000037287591270460
0.00000056748248646375
-0.00000412130909436809
0.00000900762326930009
-0.00000007023768277445
-0.00000334864401388068
-0.00000060424176708404
0.00000125872676799982
0.00000602220806137071
0.00000556698716841454
0.00270146646552328880
-0.00307183033423694480
0.00294408246591280980
-0.00982950007620884100
0.02020052800417236600
0.00220010018696383500
28.15612635714967000000
-0.00000000807107904646
0.00000137877684636065
-0.00000023652741241802
0.00000352107034679259
0.00000556735269594420
-0.00000731252313575502
-0.00000170479910372981
0.00000040297220998235
0.00000138553034035740
-0.00000111532219729158
0.00000031963062847378
0.00000037287591270248
0.00000056748248646781
-0.00000412130909436184
0.00001113581937550688
-0.00000007023768277194
-0.00000334864401388142
0.00000251184663172076
0.00000125872676799915
-0.00000416143454426218
0.00000175883031406608
0.00270146646552334860
-0.00307183033423695170
0.00294408246591282810
-0.00982950007620874560
0.02020052800417236600
-0.01074464633819883000
28.15612635714968800000
