0.00000119424141318516
0.00000353944047467506
0.00000032892523665037
0.00000488116684925612
0.00000575078986072990
0.00002215275211123882
-0.00000225349748833608
-0.00000015740930324349
0.00000795319393969141
0.00000367137585507630
-0.00000214500279325535
0.00000070921156809922
-0.00000292081157323333
0.00001629459044841118
-0.00001717404262595151
-0.00000236609171215795
-0.00000006763284910239
0.00000134635553582340
-0.00000757894704674309
-0.00000359141924527500
-0.00003030509566028303
-0.01634665641979891900
0.00946035151026455340
0.00513577916437478290
0.00364508598223051060
0.01681764800082891100
-0.00456070032418167200
25.45545224384037700000
-0.00000073790700474429
0.00000353944047467265
0.00000032892523665018
0.00000488116684925321
0.00000575078986071228
0.00002215275211121072
0.00000173433127833993
0.00000012228371271969
0.00000125825806079533
-0.00000648412953118347
-0.00000756370056646359
0.00000070921156809887
-0.00000292081157322538
0.00001629459044838878
-0.00001717404262593478
-0.00000236609171215411
-0.00000006763284910527
0.00000134635553582244
-0.00000757894704673583
-0.00000359141924530071
-0.00003030509566020871
0.01415150791371856000
0.00946035151026318640
0.00513577916437257980
0.00364508598224951450
0.01681764800080037100
-0.00456070032417691190
25.45545224384055800000
-0.00000073790700474418
0.00000119424141319851
0.00000032892523665029
0.00000488116684925442
0.00000575078986074817
0.00002215275211122389
-0.00000945714303630280
0.00000012228371272028
0.00000125825806079190
-0.00000648412953117701
-0.00000756370056646772
0.00000015740930324364
-0.00000795319393971637
-0.00000367137585502912
0.00000214500279326609
-0.00000236609171215469
-0.00000006763284910203
0.00000134635553582162
-0.00000757894704675609
-0.00000359141924530065
-0.00003030509566023273
0.01415150791372002400
0.01634665641977975400
0.00513577916437098560
0.00364508598226619350
0.01681764800077660500
-0.00456070032417578080
25.45545224384056100000
-0.00000073790700474424
0.00000119424141320035
0.00000353944047467197
0.00000488116684925599
0.00000575078986075189
0.00002215275211123526
-0.00000945714303630372
-0.00000173433127834285
0.00000125825806079183
-0.00000648412953117578
-0.00000756370056647121
-0.00000225349748832739
-0.00000795319393971966
-0.00000367137585503017
0.00000214500279327536
0.00000292081157322084
-0.00001629459044839029
0.00001717404262594183
-0.00000757894704675868
-0.00000359141924530518
-0.00003030509566024016
0.01415150791372213700
0.01634665641977681200
-0.00946035151026206230
0.00364508598226927350
0.01681764800077900600
-0.00456070032418233810
25.45545224383995000000
-0.00000073790700474429
0.00000119424141318015
0.00000353944047467494
0.00000032892523664998
0.00000575078986070336
0.00002215275211122781
-0.00000945714303630165
-0.00000173433127834160
-0.00000012228371271824
-0.00000648412953118120
-0.00000756370056646564
-0.00000225349748833451
-0.00000015740930324434
-0.00000367137585509039
0.00000214500279326210
0.00000070921156810046
-0.00001629459044841087
0.00001717404262595110
0.00000006763284910717
-0.00000134635553582648
-0.00003030509566024007
0.01415150791371707800
0.01634665641980269400
-0.00946035151026475290
-0.00513577916437526780
0.01681764800083274500
-0.00456070032418071440
25.45545224384066800000
-0.00000073790700474422
0.00000119424141319590
0.00000353944047467171
0.00000032892523665049
0.00000488116684925183
0.00002215275211122936
-0.00000945714303630488
-0.00000173433127834206
-0.00000012228371272018
-0.00000125825806079240
-0.00000756370056647028
-0.00000225349748833225
-0.00000015740930324283
0.00000795319393971139
0.00000214500279326554
0.00000070921156809820
-0.00000292081157322261
0.00001717404262593980
-0.00000236609171215625
-0.00000134635553582290
0.00000359141924529818
0.01415150791372262600
0.01634665641978314700
-0.00946035151025827190
-0.00513577916437307420
-0.00364508598225949530
-0.00456070032417355340
25.45545224384058600000
-0.00000073790700474422
0.00000119424141319393
0.00000353944047467373
0.00000032892523665036
0.00000488116684925742
0.00000575078986074313
-0.00000945714303630406
-0.00000173433127834217
-0.00000012228371271976
-0.00000125825806079309
0.00000648412953117766
-0.00000225349748833033
-0.00000015740930324364
0.00000795319393970705
0.00000367137585505479
0.00000070921156809897
-0.00000292081157322674
0.00001629459044840243
-0.00000236609171215684
-0.00000006763284910103
-0.00000757894704675343
0.01415150791372140800
0.01634665641978560300
-0.00946035151026401910
-0.00513577916437297010
-0.00364508598225096560
-0.01681764800080645700
25.45545224384048300000
-0.00000046334498545872
0.00000197248142763501
-0.00000048121365747280
-0.00000645432355414041
-0.00000956268429717702
0.00000839176295157311
-0.00000461036180058866
0.00000173790198709844
0.00000037749629794115
0.00001130612497347275
-0.00000563817141937832
-0.00000040997738949007
0.00000380043144172061
-0.00000139697341832113
-0.00000204447666279618
0.00000430877784518746
-0.00000044315808391782
-0.00000354622188667364
0.00000826786116641620
-0.00000446596162049864
-0.00000120265823031322
-0.00375390068577117350
0.00201310775531812320
-0.00612723579356308760
0.00205049336541659760
0.00398793115234301680
0.00831897909112151720
14.86747065966359600000
-0.00000055668891518179
0.00000197248142763473
-0.00000048121365747280
-0.00000645432355413890
-0.00000956268429715783
0.00000839176295157812
-0.00000071639497420465
0.00000068489515725878
-0.00000062004197751489
-0.00000259417218701471
-0.00000011396391651575
-0.00000040997738949054
0.00000380043144172369
-0.00000139697341832249
-0.00000204447666279713
0.00000430877784518725
-0.00000044315808391667
-0.00000354622188667335
0.00000826786116640474
-0.00000446596162050332
-0.00000120265823032018
0.00648937488486529650
0.00201310775531719340
-0.00612723579356440510
0.00205049336542775880
0.00398793115232664100
0.00831897909112440380
14.86747065966347100000
-0.00000055668891518181
-0.00000046334498545104
-0.00000048121365747285
-0.00000645432355414072
-0.00000956268429716556
0.00000839176295156572
-0.00000224630006762793
0.00000068489515725919
-0.00000062004197751519
-0.00000259417218701485
-0.00000011396391651644
-0.00000173790198709820
-0.00000037749629795621
-0.00001130612497344556
0.00000563817141938459
0.00000430877784518928
-0.00000044315808391751
-0.00000354622188667450
0.00000826786116640780
-0.00000446596162051423
-0.00000120265823028610
0.00648937488486612740
0.00375390068576061250
-0.00612723579356539910
0.00205049336543735180
0.00398793115231318300
0.00831897909112534060
14.86747065966328300000
-0.00000055668891518182
-0.00000046334498544981
0.00000197248142763312
-0.00000645432355414014
-0.00000956268429716702
0.00000839176295157070
-0.00000224630006762861
0.00000071639497420333
-0.00000062004197751508
-0.00000259417218701430
-0.00000011396391651865
-0.00000461036180058354
-0.00000037749629795790
-0.00001130612497344703
0.00000563817141939138
-0.00000380043144172852
0.00000139697341833405
0.00000204447666279000
0.00000826786116640856
-0.00000446596162051913
-0.00000120265823028461
0.00648937488486741630
0.00375390068575851000
-0.00201310775531637810
0.00205049336543937670
0.00398793115231414060
0.00831897909112137850
14.86747065966307700000
-0.00000055668891518187
-0.00000046334498546169
0.00000197248142763488
-0.00000048121365747304
-0.00000956268429719336
0.00000839176295156705
-0.00000224630006762731
0.00000071639497420411
-0.00000068489515725800
-0.00000259417218701740
-0.00000011396391651524
-0.00000461036180058770
0.00000173790198709785
-0.00001130612497348168
0.00000563817141938303
-0.00000040997738948938
0.00000139697341832150
0.00000204447666279581
0.00000044315808392057
0.00000354622188667163
-0.00000120265823028711
0.00648937488486446380
0.00375390068577371310
-0.00201310775531810760
0.00612723579356284910
0.00398793115234568130
0.00831897909112230480
14.86747065966347000000
-0.00000055668891518182
-0.00000046334498545244
0.00000197248142763305
-0.00000048121365747273
-0.00000645432355414230
0.00000839176295156838
-0.00000224630006762918
0.00000071639497420388
-0.00000068489515725914
0.00000062004197751488
-0.00000011396391651795
-0.00000461036180058643
0.00000173790198709876
0.00000037749629795328
0.00000563817141938491
-0.00000040997738949074
0.00000380043144172700
0.00000204447666278955
0.00000430877784518838
0.00000354622188667372
0.00000446596162051336
0.00648937488486766090
0.00375390068576218410
-0.00201310775531434850
0.00612723579356410500
-0.00205049336543351030
0.00831897909112633280
14.86747065966352600000
-0.00000055668891518182
-0.00000046334498545355
0.00000197248142763426
-0.00000048121365747280
-0.00000645432355413897
-0.00000956268429716930
-0.00000224630006762862
0.00000071639497420379
-0.00000068489515725889
0.00000062004197751450
0.00000259417218701524
-0.00000461036180058522
0.00000173790198709824
0.00000037749629795072
0.00001130612497346041
-0.00000040997738949027
0.00000380043144172476
-0.00000139697341832613
0.00000430877784518799
-0.00000044315808391697
0.00000826786116640985
0.00648937488486692190
0.00375390068576348860
-0.00201310775531780670
0.00612723579356418050
-0.00205049336542860280
-0.00398793115233003410
14.86747065966354800000
