-2.58822145809899510000
-4.17865708759364020000
2.61954419472117820000
3.26819958581917370000
3.79583458751397810000
5.46273019304649840000
-3.15778743796532700000
-2.56975955888154230000
-3.21122070492841870000
-4.55286403423837530000
9.26274277716672680000
-2.29029539998039500000
-2.86091176262844100000
-4.11958656235705960000
7.86585089078892800000
3.27736647442204720000
4.41684792217505870000
-5.54335818347606950000
2.95626062253249120000
-6.92136777995687600000
-10.14715527064844000000
-0.02447763947500118700
-0.76126120839568123000
-2.65563863626645840000
-3.32052703900657330000
-4.59158280727063770000
-3.94950068769404710000
1.33082718826199950000
-3.54543643817344780000
-0.84806677771652283000
3.34693687006433120000
3.66271612513780020000
2.10219577217309390000
5.50532354402179540000
-0.91014729301825703000
-0.80727087179055768000
-1.83429032255707260000
-3.95409909072064500000
5.20763075807253980000
0.15393286366340589000
0.02603663304920883500
-0.29552569480979501000
-0.12055774501824808000
4.10416812308175060000
5.48709089585545230000
-7.32651788398132630000
2.51673266272744730000
-7.42813802838707460000
-8.09176738361265710000
0.07310458816754833400
-0.82601863198475289000
-2.66506097821534120000
-3.37420745245180780000
-4.72673053429412080000
-6.57578389378698520000
1.66306133683540520000
-6.39134829896499920000
-1.39562301562954770000
2.85408450792942500000
3.66461782589640880000
2.41937076020802390000
3.83966100229111220000
-2.29202568930166000000
1.64276530848216470000
0.43677575525584300000
-2.19937944548509370000
6.24383030601454970000
1.12259880763470310000
0.82082018441515592000
0.10517489083191621000
-0.14593680880074961000
3.96887505922955080000
6.08636811468559280000
-6.78885002598056180000
2.71983921779755990000
-6.98163637278880690000
-8.03973734927035370000
-1.01293225693196610000
-0.80768228185960456000
-2.22425145637924260000
-3.02412548190425310000
-4.51178548581011190000
-6.46397908366654410000
1.90933493060414560000
1.01369567160034270000
2.33840733852585330000
2.00567743980861390000
-0.44922671909262202000
-1.44480899908584130000
6.48230622177101430000
2.45809473942240860000
3.31528614354756800000
0.62602924158746864000
1.49003327331882170000
-4.97108072210098050000
2.73388274964019920000
0.86292723398051630000
2.33007873431250450000
-8.41764646065731980000
0.95302331044934574000
2.72971844753352230000
-6.67179514985553460000
-1.60638312490689520000
-0.62176130771295912000
-2.51204134221142180000
-2.37787517131212890000
-2.03082452046362110000
-1.53697195369090190000
-0.71867056739049251000
-2.02666021835694550000
-2.29798190849481990000
1.30261921063204670000
0.54041967706179650000
1.10344148969793190000
1.50740728927029410000
-1.29162798292911510000
1.64816127105142480000
7.71389552013760320000
1.44820536159879070000
2.52330077383271330000
-0.97291639535578600000
-1.61197240164419450000
-4.16280883179460480000
1.98189208601216380000
-0.79670738281163966000
-1.32632645436939240000
-6.75958774809315970000
-0.58703642472812545000
-0.97375661601584906000
-5.86667526568484730000
-2.44971181023129110000
0.29122355931547239000
0.78276335207133385000
-4.53904774575046940000
-3.61286393007336230000
-2.72014205993562190000
-0.91315767351338484000
-1.89308742484023120000
-3.59840204397920080000
2.01555050173463180000
-0.65788031698235205000
-0.36747510405590822000
0.22356353644135796000
-1.64757986164333750000
1.33087124828615600000
9.86779307132851710000
-0.04058267833816659600
0.84421467218811463000
-0.53701826422879129000
-0.24475904233719828000
-0.20774172895069279000
0.45746061520556530000
-0.65991534005566854000
-0.05892274885805146000
-4.14574890493929440000
-0.66816968221881856000
0.20334203373033499000
-4.17271900645782260000
-0.18183040852220131000
3.26566304079567170000
-0.07828585886191123700
-5.84050110491707120000
-4.93960581397570310000
-4.07692476758894530000
-2.89052510878173850000
-1.65924906182402370000
-1.94848394593093530000
1.82343796859295960000
-0.43975991430188305000
0.43102017577445195000
-0.02555622987792960400
1.35421609421051730000
3.47703403335948420000
7.67857384684365840000
1.29748594008297080000
1.94383585132716960000
-2.03469664919366760000
-1.66817244097183350000
-1.20679306394077180000
0.42383506914194724000
-2.64363531047154820000
-2.95931453015864940000
-3.82838337901865740000
-1.46146267981571130000
-1.73884351864299600000
-2.49735697585685030000
2.67973077502697170000
5.16096698702709310000
4.96976466024470210000
-3.93620693827144890000
-4.08056897286859940000
-3.50442919869714760000
-1.36369228574181230000
-0.81622092160248783000
0.31268043660271916000
1.08531275745097530000
-2.61249978591902200000
-3.42776706957977240000
2.35301804977400670000
3.50826549329998990000
4.53889205503697560000
4.46274384676057070000
-3.14414410931727680000
-2.85402743979536800000
-3.53683378139365970000
-5.05606957725443350000
8.40377931848893130000
-1.89402668085100650000
-2.30613231436262470000
-3.43758980671435980000
8.35721947447143170000
3.03337411726920840000
3.93321691426690600000
-5.31047509308542050000
3.68993268204059800000
-6.39248971955222340000
-9.78550387379972970000
0.35780296024734937000
-0.23790112919024187000
-1.65536621154798720000
-2.09990828278552490000
-2.83536931259643590000
-1.51801242434056700000
0.76954545258848661000
-2.74623471189257010000
-0.20985026659469500000
2.90908971397651640000
3.72366386215510130000
2.80895693178558180000
4.01461267157834370000
-0.67572052371522751000
-0.75357938121746604000
-1.55076601205487120000
-3.33647633641734000000
5.36655799323750400000
0.55775235766894093000
0.60602720859749593000
0.51123984776690046000
0.69889176835052058000
3.60350108204647860000
4.60964969281106730000
-6.63115000899879000000
3.19864117162153510000
-6.40292976585838150000
-7.28584871839130880000
0.29612929906966728000
-0.54933218269628170000
-1.69652603160543650000
-2.12439210717950730000
-2.78878719563993280000
-3.73562156551456640000
0.92892340734178791000
-4.90028304182575520000
-0.32958673280834871000
2.52849906022711890000
3.87002057018521040000
3.41281810991396610000
2.43895672047232810000
-1.12234243239902680000
1.20507852185138820000
0.33709864644143644000
-1.99639453221668180000
6.18330410414876570000
1.04513895709697930000
1.05374871556328650000
0.77220151857678865000
0.68105956687768043000
3.48980408303859410000
5.11364741474238120000
-6.14093531449431930000
3.73415340272101300000
-5.96287935332970510000
-7.39936771451527700000
-0.14374884428136547000
-0.51447411831196921000
-1.46716938265711040000
-1.89780956668355640000
-2.46032322081733050000
-3.21324212023849710000
0.93650454387210047000
1.57737902429280700000
3.70014452368368300000
1.47171646085167260000
0.31483358847827692000
0.49192133406395039000
5.02982905668075020000
3.49202317916823590000
2.32300820674010790000
0.79401044595017389000
1.34374960506986210000
-4.09900042716930010000
2.28281972470883510000
1.13944958804337190000
2.72616094227634200000
-7.74991120952904920000
0.71397394831068040000
1.79582793400516420000
-7.87691716359738780000
0.25231294358106493000
-0.35864062366404148000
-2.80639142562652480000
-0.83454865307398562000
-1.16647505945924610000
-0.72748668401862282000
-0.34185905989415338000
-0.67948326875557641000
0.29107694512435123000
0.35537179560209126000
1.03940270288443810000
2.29926224496843190000
0.57753159834823886000
-0.80777186895004760000
1.14549403603665570000
6.26749982999000640000
2.22973251669847670000
1.25825488840702970000
-0.66861611949066113000
-0.10858945305369661000
-3.63130921529189310000
1.35025473179874940000
-0.36306748505596903000
0.25677925863015771000
-6.41780217901273890000
-0.48988033904237943000
-0.24257500652819416000
-6.73368464749255760000
-1.12408662352905340000
-0.38962655636581156000
-0.04206744117506669400
-2.36421374740958920000
-2.06319640846423220000
-1.32981758109776820000
-0.40536007781004912000
-1.05644871280561590000
-1.43007136377432760000
1.01192605119009740000
0.05708317879342500500
0.65389628448888726000
-0.54081390168495158000
-1.10336847770944040000
0.58877292722399921000
8.56110575447605090000
0.72060191536572260000
0.14943614413251793000
-0.29103623957798780000
-0.58958144442631510000
-0.55542547786324825000
0.15707812345392810000
-0.22771713399012922000
-0.29902284186827921000
-4.15267473604897310000
-0.69354853174750530000
-0.36123124154034209000
-4.41160024148559860000
-0.38609867334878545000
1.84582950637894690000
-0.36065663503574935000
-3.73380059915345570000
-3.20764801353804210000
-2.50511192680756790000
-1.82124632400891700000
-0.96581835050643505000
-1.16253545627099800000
1.15434106214765570000
-0.08887940095753109300
1.18674178876262130000
-0.61530628618617778000
1.51974017184968040000
3.17345459892228510000
7.87076068030097980000
1.88744319699639720000
1.61595598761177680000
-1.55867253996559470000
-1.78639721806723670000
-1.59037728481205830000
0.26665124613235391000
-2.23794073494836350000
-3.14702856211557160000
-4.39516858817369370000
-1.54480938193731340000
-2.23020801933690070000
-3.11240332704211120000
2.37667060395994150000
4.49769977409204900000
5.01132357239384870000
-2.23633116686728470000
-2.66661850483707320000
-2.19185350397375700000
-0.39844862336825659000
0.04355656167521432300
0.84613327057983390000
0.69308099613916863000
