-0.00000246308284857750
0.00000161912605662555
0.00000091690939026190
-0.00000227574368548686
-0.00000815446353178348
0.00000092350949731975
-0.00000391336561256660
-0.00000256505025664502
0.00000976825007822912
-0.00000147158111472185
0.00000148214476873908
-0.00000350582928883762
0.00000000149214786854
0.00000505026173219268
0.00000330590694499815
-0.01428546202076022200
0.00663561684441977410
0.00199720210165416770
0.00228481828034534170
0.01193422685263984700
22.95713402127475400000
-0.00000128151572238408
0.00000161912605662553
0.00000091690939026235
-0.00000227574368548559
-0.00000815446353178084
0.00000066649597575003
0.00000150062593329668
-0.00000232699376601246
-0.00000169033759698448
-0.00000147158111472216
0.00000148214476873810
-0.00000350582928883641
0.00000000149214786952
0.00000505026173219095
0.00000330590694499485
0.00856640205829876410
0.00663561684441969870
0.00199720210165456320
0.00228481828034531300
0.01193422685263934000
22.95713402127500300000
-0.00000128151572238405
-0.00000246308284857741
0.00000091690939026221
-0.00000227574368548525
-0.00000815446353178057
0.00000071282199081772
0.00000150062593329683
-0.00000232699376601240
-0.00000169033759698484
0.00000391336561256609
0.00000256505025664375
-0.00000976825007822793
0.00000000149214786988
0.00000505026173219071
0.00000330590694499392
0.00856640205829875890
0.01428546202076018900
0.00199720210165449040
0.00228481828034528870
0.01193422685263954100
22.95713402127494600000
-0.00000128151572238417
-0.00000246308284857724
0.00000161912605662550
-0.00000227574368548148
-0.00000815446353177479
0.00000071282199081765
-0.00000066649597574935
-0.00000232699376601121
-0.00000169033759698626
0.00000092350949731856
0.00000256505025664179
-0.00000976825007822553
-0.00000148214476873638
0.00000350582928883416
0.00000330590694498447
0.00856640205829877110
0.01428546202076016300
-0.00663561684441970560
0.00228481828034537030
0.01193422685263947900
22.95713402127491800000
-0.00000128151572238402
-0.00000246308284857752
0.00000161912605662549
0.00000091690939026205
-0.00000815446353178348
0.00000071282199081775
-0.00000066649597575008
-0.00000150062593329665
-0.00000169033759698406
0.00000092350949731962
-0.00000391336561256656
-0.00000976825007822944
-0.00000147158111472186
0.00000350582928883764
-0.00000505026173219257
0.00856640205829879010
0.01428546202076013000
-0.00663561684441973940
-0.00199720210165438980
0.01193422685263961100
22.95713402127495700000
-0.00000128151572238415
-0.00000246308284857643
0.00000161912605662585
0.00000091690939031670
-0.00000227574368547840
0.00000071282199081953
-0.00000066649597574891
-0.00000150062593328366
0.00000232699376600922
0.00000092350949729858
-0.00000391336561254564
-0.00000256505025660336
-0.00000147158111476368
0.00000148214476873497
0.00000000149214794934
0.00856640205828321750
0.01428546202076863900
-0.00663561684437005350
-0.00199720210172215850
-0.00228481828043810510
22.95713402127495000000
0.00000351990532393025
-0.00000149332984937923
-0.00000334573718091698
-0.00000968499450500310
-0.00001299743837543607
0.00000405713964175324
-0.00000509508340549584
-0.00000432908529037757
-0.00000023022451202738
0.00000440543193529630
0.00000445075315700705
-0.00000897853837210775
-0.00000671967368200293
0.00001367882441277044
0.00002216192470231336
0.00573935051959514970
-0.00291457340600803510
0.00068142346897728107
-0.00706652049588681400
0.01110749059975383500
23.53944663381525300000
-0.00000060012599967630
-0.00000149332984937931
-0.00000334573718091708
-0.00000968499450500266
-0.00001299743837543575
0.00000094812666319028
-0.00000042197510126618
-0.00000380607012306597
0.00000063710948007633
0.00000440543193529630
0.00000445075315700680
-0.00000897853837210741
-0.00000671967368200293
0.00001367882441277055
0.00002216192470231237
0.00754717068643151900
-0.00291457340600799040
0.00068142346897700698
-0.00706652049588678280
0.01110749059975431700
23.53944663381508900000
-0.00000060012599967625
0.00000351990532393027
-0.00000334573718091708
-0.00000968499450500319
-0.00001299743837543636
-0.00000144255708171307
-0.00000042197510126629
-0.00000380607012306622
0.00000063710948007648
0.00000509508340549590
0.00000432908529037734
0.00000023022451202726
-0.00000671967368200313
0.00001367882441277055
0.00002216192470231364
0.00754717068643141930
-0.00573935051959506300
0.00068142346897724290
-0.00706652049588673940
0.01110749059975390700
23.53944663381518500000
-0.00000060012599967632
0.00000351990532393036
-0.00000149332984937925
-0.00000968499450500116
-0.00001299743837543306
-0.00000144255708171310
-0.00000094812666319010
-0.00000380607012306561
0.00000063710948007572
0.00000405713964175292
0.00000432908529037633
0.00000023022451202856
-0.00000445075315700612
0.00000897853837210645
0.00002216192470230838
0.00754717068643148340
-0.00573935051959507510
0.00291457340600807410
-0.00706652049588659800
0.01110749059975395200
23.53944663381512500000
-0.00000060012599967628
0.00000351990532393025
-0.00000149332984937933
-0.00000334573718091707
-0.00001299743837543643
-0.00000144255708171310
-0.00000094812666319018
0.00000042197510126614
0.00000063710948007642
0.00000405713964175321
-0.00000509508340549598
0.00000023022451202703
0.00000440543193529636
0.00000897853837210772
-0.00001367882441277081
0.00754717068643147040
-0.00573935051959503870
0.00291457340600797740
-0.00068142346897700351
0.01110749059975427200
23.53944663381515300000
-0.00000060012599967621
0.00000351990532393109
-0.00000149332984937893
-0.00000334573718086172
-0.00000968499450500086
-0.00000144255708171117
-0.00000094812666319018
0.00000042197510128063
0.00000380607012306445
0.00000405713964173301
-0.00000509508340547588
-0.00000432908529033835
0.00000440543193525419
0.00000445075315700614
-0.00000671967368192512
0.00754717068641551880
-0.00573935051958634690
0.00291457340605894960
-0.00068142346904652082
0.00706652049579159070
23.53944663381514600000
