8.23130655058799830000
0.10628231433850208000
-0.64593332236185108000
-1.56875269602808800000
-0.82382013644921381000
-0.12199031096287488000
2.65835700755157940000
0.98593145897371126000
-0.64076198471860246000
-1.16984861462214340000
-2.80590158475690290000
-0.57954588252505868000
-1.17390986961700270000
0.64852501256019324000
0.03544197258313065700
-1.46088998822358680000
1.35573409271378660000
0.51269884752214745000
2.29160369729795830000
1.26434835177984550000
-0.81748265656078978000
-0.74639674496937680000
-1.71437873162982560000
-2.57795054034264040000
-3.44533335779594110000
-4.48776179343396910000
-5.35436465035035260000
0.14577811244975292000
5.15471422227993870000
0.76599573427761947000
0.17641132893812195000
-1.16850721026080180000
-0.52413545000184880000
-0.00240066304923791530
-1.72584824027069250000
-1.81793788321667550000
-1.80869756388953260000
-0.16264908750876086000
-0.09660156028719442400
0.08003611457975863500
-0.50459354284496094000
0.49809579205470866000
-0.02972665747566997900
-0.98432323820064782000
1.03029057495158290000
-0.01682957639836996800
1.96780520694114180000
0.50271731604381031000
-0.80598359496372984000
-1.45209556913124290000
-1.40260640440192330000
-2.80592320444639090000
-4.21768416801361920000
-5.88342838941505610000
-7.29992328697348380000
0.23859054217398981000
1.50941082889844070000
2.54162550330588970000
0.30952563649233378000
-2.45813297087852240000
-2.46651653671885060000
-0.66415092020152233000
-12.21143249363716900000
-2.61385247861523550000
-4.85079651763419050000
3.58214999963313390000
1.36792045774558010000
-0.74307445881481982000
-1.29769469783145030000
3.52961798966961960000
2.98635499921802030000
-1.40966844607905230000
2.15602257757124600000
0.44818574356504126000
4.87740781453638930000
1.65018836632264930000
-1.91158253721914840000
-4.21652683783960040000
-2.15525106729420250000
-2.05820324699796680000
-4.13211101231245510000
-6.83119036471720790000
-8.90604456741212940000
0.35628143215500691000
-0.40937265527960381000
2.12790365835375980000
0.81504059380659899000
0.82072539131768241000
-4.89777887621638720000
-1.33910447856322600000
-7.45184350919368830000
-1.10045938924247280000
-3.36012440420582600000
5.80988157108262990000
2.56292629950466380000
0.23084602469773596000
-2.03178497157588910000
4.30720847355823630000
2.35086959040116830000
-1.45055638377704050000
1.24805444930171140000
-0.16477889026625445000
3.52254937081575070000
2.11268201255826060000
-3.56495562374911530000
-6.52493701433663280000
-4.36731617327125930000
-2.14743609513652340000
-2.14768326024569540000
-4.83017736847052960000
-6.98100421573363410000
0.36799992116919095000
0.12529925278583381000
1.00875299705896730000
0.08122477373870204400
0.48034933023163701000
-6.02484709844560750000
-3.23403456952216390000
-2.87682244771533970000
-0.91420825700675434000
-0.57671266650390574000
3.17716510248471410000
2.59740265925894410000
-0.11022360094668535000
-0.14418198834612075000
2.41367170288309250000
2.00727867909686040000
-0.01791945087558354000
1.31838781753642450000
0.77909607250260726000
0.62611069612980552000
0.32592647348504861000
-5.11797837203778090000
-4.02407862320287620000
-3.02042803478823310000
-1.99125510131635820000
-0.99308268814753453000
-1.17851193723811680000
-2.19319139694548950000
0.16939812497849654000
1.84711257706258140000
4.06713564023492410000
-0.89858721366138816000
-2.74027328217291140000
-7.59854827415157890000
-0.21736131486564381000
-7.94110337697924070000
1.03175920618397400000
2.68158594348633810000
4.48061485220994270000
-1.46543888558692360000
1.16380615055905560000
1.32990013978450520000
1.61535586614665010000
-0.19690682098166701000
-1.50451560215814430000
-2.02092268780155140000
0.35991487326942334000
-4.82589904954721140000
1.68409243724526390000
3.03811043550571420000
-4.41025921820231040000
-3.62435465794651890000
-2.77914090016115220000
-1.99787346485291660000
-1.21909273240168670000
-0.79920082559747940000
0.14090136593642141000
3.29711027854438350000
5.71724228738723280000
-1.13327511821023050000
-2.25658345870282550000
-5.69812427081693240000
-0.51633002062555777000
-12.32440570112560800000
1.22605740772187490000
2.64139667263782800000
4.41579370413332570000
-1.58317797122641560000
1.73546744204637230000
1.86433737084927810000
2.29242210514162050000
-0.26873551739787477000
-1.46357184929149660000
-1.55449673598318180000
0.21840426020630152000
-3.68864692120965910000
1.52767299264179530000
2.89678468617468530000
-4.79353947957000500000
-4.08216452119368520000
-3.30184767313208030000
-2.59004157130625770000
-1.88322238290531700000
-0.70947500868253144000
0.12753223651760279000
-5.53733058899845790000
0.06480203658187021200
0.41851124587254063000
0.93547721867967693000
0.54859910504838438000
0.05234721207925027000
-1.77305451883539700000
-0.70286664308176927000
0.36126001469096825000
0.82432729367133017000
1.88652395605527670000
0.38274941519574496000
0.68857435784750165000
-0.35958848816028849000
-0.05762353628598721600
0.82389567347626180000
-0.80614766410557193000
-0.40655322266673888000
-1.28301292995711450000
-0.79185021693608526000
0.44922417867838255000
0.29862392789167425000
0.74911688685783451000
1.12812141248451000000
1.50763103960960950000
1.97624451901793030000
2.35591497909206990000
-0.06390089804148589600
-3.52803149241877770000
-0.33146149997584162000
-0.08744386622814254200
0.60887782068257401000
0.35266468397327816000
-0.01832257227518336800
1.21591700756852860000
1.16087154073272350000
1.08521139622174560000
0.19366816251737057000
0.07112189045308181500
-0.02986553347820920800
0.25111575534423736000
-0.25406592558230690000
-0.01997076431313360400
0.46005985962274587000
-0.56596725834032524000
-0.11223578759606229000
-0.96032730179910619000
-0.30757419925444518000
0.41144647714985749000
0.65089853618750104000
0.62117841674304941000
1.24356173780225960000
1.86766294866773700000
2.61123743353457720000
3.23924582169616610000
-0.10572456125086641000
-0.53355001128634139000
-1.34599545370798150000
-0.06128692349528617300
1.55824479916659510000
1.61997063795329210000
0.42493425546967051000
8.34753665265021640000
1.34370763032307770000
2.55235405727261670000
-2.28773574138575820000
-1.11746278923867130000
0.30237403996658596000
0.53721747824636779000
-2.28309717754414350000
-2.06744047666518500000
0.84383922619973095000
-1.25033582555773990000
-0.36439641326362943000
-2.70326345617547710000
-0.99891523327433651000
1.13620002508360150000
1.95591171389418330000
1.00874583821333990000
0.95288894559539861000
1.91140544133137060000
3.20602567676145740000
4.16614106728083740000
-0.16556938503938573000
0.24360986469079884000
-1.30271736257640660000
-0.25011867296341578000
-0.23087233312620409000
3.04467170333615700000
1.02860080832722710000
5.25604425122335610000
0.62133236170963646000
1.61508192420261020000
-3.44805219785327520000
-1.98089078607520520000
-0.10584458731990733000
0.87786340656243100000
-2.71298870740096730000
-1.93373897578839290000
0.72354775230814050000
-0.76354425156098149000
-0.08930333672757540000
-1.70708597100038560000
-1.02280348755647090000
2.19932480830817710000
2.75879480178497750000
1.85576802420996170000
0.90416600801939351000
0.90332921063516547000
2.07118047234017770000
2.97861858609823480000
-0.15564923872335268000
-0.36323442452470006000
-1.04697536724866950000
0.19207437348412754000
-0.00856153048736348930
3.53858883667987770000
2.28292050334455120000
2.64962960252690570000
0.34015777622299992000
0.30421541568610200000
-1.71719320290901020000
-1.76032668868857560000
-0.09138036583631681300
0.05419872059487111000
-1.40937843680771020000
-1.55386719848915410000
0.16167846619345719000
-0.71427585995872067000
-0.60262345685232854000
-0.32003633724598207000
-0.22996251163115550000
3.05750262864551910000
0.94322775191742791000
0.71676570121695993000
0.46051228045903425000
0.22740217155772036000
0.29457453466949818000
0.53436515782632044000
-0.03955824557075841900
-1.38737950166253320000
-2.87059201436610770000
0.70351552900715575000
1.89071791558834330000
4.71999076617379560000
0.38791735603014016000
5.64808784560940150000
-0.80350784574368295000
-1.70998342736291440000
-2.76917183760044770000
0.78865423692907044000
-0.87207291020196731000
-0.89876088202402238000
-1.04761911674052600000
-0.00788274525462700870
1.02337619282026270000
1.25160915946201890000
-0.27118075327664898000
3.00234385258489440000
-1.04078053029483250000
-1.84092287303691720000
1.45130709657993910000
1.21925338505337360000
0.94276309234663214000
0.70846461372294933000
0.47671134890955824000
0.24123603092477006000
-0.04497231869166537500
-2.22852349104823100000
-3.82393639282159810000
0.80956111314096491000
1.58572043047300040000
3.70436533391743250000
0.42426400183700164000
8.30385774611424840000
-0.90700343862259969000
-1.75025634119776870000
-2.86025559031114130000
0.86506008054041661000
-1.20438502874354580000
-1.25327638340661740000
-1.52445636018898580000
0.06706400296930260800
0.98899186181408993000
0.99059171279300717000
-0.16489263002877180000
2.39378865296296660000
-0.93053780677671039000
-1.74064070794819870000
1.99800588738717070000
1.71948985594606210000
1.39380387079058910000
1.11259193094749740000
0.83508480147309960000
0.28090906237129293000
-0.05216039724527735100
