-0.00000038800146018284
0.00000013834953987774
-0.00000150053378209532
-0.00000110685257848973
0.00000471832821419903
-0.00000071675018226823
0.00218300937716600600
0.00042834335113585604
-0.01273825853127811800
28.55259263557422900000
0.00000114453975104493
0.00000013834953988501
-0.00000150053378209612
-0.00000154690368101070
0.00000100051046774404
-0.00000071675018226848
-0.01012690580298710100
0.00042834335117185708
-0.01273825853128083900
28.55259263557423600000
0.00000114453975104599
-0.00000038800146016563
-0.00000150053378209561
-0.00000283547271535976
0.00000100051046774302
-0.00000471832821420364
-0.01012690580298997000
-0.00218300937711507930
-0.01273825853127899200
28.55259263557423900000
0.00000114453975104592
-0.00000038800146017009
0.00000013834953988543
-0.00000283547271535642
0.00000154690368100913
-0.00000110685257850984
-0.01012690580298981900
-0.00218300937711472100
-0.00042834335117553014
28.55259263557423900000
-0.00000404161665147392
0.00000345943424813422
-0.00000156201574751593
-0.00000557516561706708
0.00000698417579449537
-0.00000096463668504389
0.00265239979321397640
0.01602489074853608700
-0.00943266881806390650
15.10333651467973200000
-0.00000169982465846897
0.00000345943424813807
-0.00000156201574751635
0.00000037906619415312
0.00000289550761442168
-0.00000096463668504410
0.00924462172368040350
0.01602489074855511400
-0.00943266881806533240
15.10333651467973400000
-0.00000169982465846842
-0.00000404161665146460
-0.00000156201574751610
0.00000667422312551081
0.00000289550761442101
-0.00000698417579449772
0.00924462172367892030
-0.00265239979318703360
-0.00943266881806436790
15.10333651467974100000
-0.00000169982465846844
-0.00000404161665146691
0.00000345943424813830
0.00000667422312551257
-0.00000037906619415386
-0.00000557516561707789
0.00924462172367896550
-0.00265239979318682370
-0.01602489074855707000
15.10333651467973200000
