0.00000117829648809434
-0.00000158750543332772
-0.00000543302424717118
0.00000084050357447016
-0.00000021838169775264
0.00000284742387515933
0.00000130809326774230
-0.00000493978953138961
0.00000227218953913691
0.00000032725166619640
-0.00000209379101017812
0.00000632005867615809
-0.00000293180394892307
0.00000272424533294445
-0.00000394203488081466
0.00000397469770739531
-0.00000727741996128135
0.00000773626433815397
0.00000666559139071752
-0.00000676701161931799
-0.00000268836424881665
-0.00182389678748997190
0.00443444276971783310
0.00397523740983552870
0.00667089016111029230
0.00245028681154134310
-0.01325192230945879000
35.12702420183106300000
-0.00000168451072280371
-0.00000158750543332731
-0.00000543302424717069
0.00000084050357447019
-0.00000021838169775253
0.00000284742387515927
0.00000030354758045174
-0.00000505223726530550
0.00000489467021794860
-0.00000068545921574426
-0.00000206008967065531
0.00000632005867615747
-0.00000293180394892365
0.00000272424533294394
-0.00000394203488081304
0.00000397469770739572
-0.00000727741996128050
0.00000773626433815194
0.00000666559139071676
-0.00000676701161931698
-0.00000268836424881695
0.00245503805525591970
0.00443444276971852090
0.00397523740983414790
0.00667089016111086990
0.00245028681154096150
-0.01325192230945845300
35.12702420183108400000
-0.00000168451072280372
0.00000117829648809444
-0.00000543302424717060
0.00000084050357447022
-0.00000021838169775275
0.00000284742387515902
0.00000076945309230340
-0.00000505223726530580
0.00000489467021794879
-0.00000068545921574473
-0.00000206008967065458
0.00000493978953138953
-0.00000227218953913713
-0.00000032725166619661
0.00000209379101017817
0.00000397469770739527
-0.00000727741996128051
0.00000773626433815252
0.00000666559139071732
-0.00000676701161931789
-0.00000268836424881634
0.00245503805525619690
0.00182389678749008380
0.00397523740983503960
0.00667089016111048660
0.00245028681154142250
-0.01325192230945877700
35.12702420183108400000
-0.00000168451072280376
0.00000117829648809447
-0.00000158750543332731
0.00000084050357447007
-0.00000021838169775264
0.00000284742387515910
0.00000076945309230341
-0.00000030354758045227
0.00000489467021794884
-0.00000068545921574455
-0.00000206008967065478
0.00000130809326774188
-0.00000227218953913737
-0.00000032725166619697
0.00000209379101017852
0.00000293180394892365
-0.00000272424533294358
0.00000394203488081283
0.00000666559139071704
-0.00000676701161931767
-0.00000268836424881655
0.00245503805525640020
0.00182389678748996060
-0.00443444276971790080
0.00667089016111012920
0.00245028681154126240
-0.01325192230945860200
35.12702420183109800000
-0.00000168451072280367
0.00000117829648809373
-0.00000158750543332670
-0.00000543302424717023
-0.00000021838169775225
0.00000284742387515916
0.00000076945309230349
-0.00000030354758045193
0.00000505223726530514
-0.00000068545921574421
-0.00000206008967065512
0.00000130809326774121
-0.00000493978953138855
-0.00000032725166619685
0.00000209379101017777
0.00000632005867615659
-0.00000272424533294227
0.00000394203488081133
0.00000727741996127824
-0.00000773626433815009
-0.00000268836424881718
0.00245503805525633300
0.00182389678748928930
-0.00443444276971776290
-0.00397523740983531450
0.00245028681154166750
-0.01325192230945932400
35.12702420183109800000
-0.00000168451072280395
0.00000117829648809570
-0.00000158750543332750
-0.00000543302424717388
0.00000084050357446943
0.00000284742387516277
0.00000076945309230278
-0.00000030354758045239
0.00000505223726530687
-0.00000489467021794945
-0.00000206008967065547
0.00000130809326774108
-0.00000493978953138975
0.00000227218953913790
0.00000209379101018309
0.00000632005867616004
-0.00000293180394892539
0.00000394203488081127
0.00000397469770739893
-0.00000773626433815273
0.00000676701161931871
0.00245503805525618640
0.00182389678748925020
-0.00443444276971782360
-0.00397523740983487040
-0.00667089016111054380
-0.01325192230945947500
35.12702420183106300000
-0.00000168451072280368
0.00000117829648809288
-0.00000158750543332942
-0.00000543302424716522
0.00000084050357447141
-0.00000021838169775386
0.00000076945309229986
-0.00000030354758045083
0.00000505223726530610
-0.00000489467021794800
0.00000068545921574318
0.00000130809326775167
-0.00000493978953139625
0.00000227218953913664
0.00000032725166619335
0.00000632005867615457
-0.00000293180394892118
0.00000272424533295182
0.00000397469770739055
-0.00000727741996128761
0.00000666559139071793
0.00245503805525592620
0.00182389678749092940
-0.00443444276971718430
-0.00397523740983677340
-0.00667089016111009100
-0.00245028681154079670
35.12702420183107700000
0.00000368474582507490
-0.00000167996322628792
-0.00000264187497442816
-0.00000062501264137823
0.00000035116336386172
0.00000424032924235984
0.00000043696590904018
-0.00000808559128463881
0.00000243741167489542
0.00000365380784271631
-0.00000704590854869772
0.00000667792645927180
-0.00000065933947793076
0.00000394668675814615
-0.00000576631769557926
0.00000312043914136300
-0.00000588900416598229
0.00000970114199576461
0.00000284608853413665
-0.00000319937012233066
-0.00000224255040350722
-0.00869208689715932760
0.00547568242861400450
0.00515611134046263430
-0.00377895760058752360
0.01044698341485013200
-0.00662122581856409640
30.20013733095252900000
0.00000326177420587004
-0.00000167996322628723
-0.00000264187497442778
-0.00000062501264137820
0.00000035116336386168
0.00000424032924235975
0.00000127599550037263
0.00000024116219692223
0.00000329520446737691
0.00000301735529323344
-0.00000007234628963074
0.00000667792645927091
-0.00000065933947793108
0.00000394668675814517
-0.00000576631769557706
0.00000312043914136329
-0.00000588900416598090
0.00000970114199576209
0.00000284608853413595
-0.00000319937012232976
-0.00000224255040350723
0.00198650686761550360
0.00547568242861454570
0.00515611134046147730
-0.00377895760058699320
0.01044698341484980600
-0.00662122581856377720
30.20013733095257500000
0.00000326177420587007
0.00000368474582507496
-0.00000264187497442769
-0.00000062501264137821
0.00000035116336386147
0.00000424032924235939
0.00000123382275653484
0.00000024116219692217
0.00000329520446737704
0.00000301735529323311
-0.00000007234628963024
0.00000808559128463848
-0.00000243741167489556
-0.00000365380784271619
0.00000704590854869752
0.00000312043914136306
-0.00000588900416598125
0.00000970114199576297
0.00000284608853413643
-0.00000319937012233052
-0.00000224255040350659
0.00198650686761574390
0.00869208689715955140
0.00515611134046222840
-0.00377895760058732590
0.01044698341485021700
-0.00662122581856404000
30.20013733095257500000
0.00000326177420587002
0.00000368474582507488
-0.00000167996322628744
-0.00000062501264137835
0.00000035116336386170
0.00000424032924235947
0.00000123382275653498
-0.00000127599550037286
0.00000329520446737707
0.00000301735529323328
-0.00000007234628963034
0.00000043696590903954
-0.00000243741167489570
-0.00000365380784271652
0.00000704590854869771
0.00000065933947793123
-0.00000394668675814516
0.00000576631769557732
0.00000284608853413612
-0.00000319937012233016
-0.00000224255040350691
0.00198650686761591390
0.00869208689715932240
-0.00547568242861403400
-0.00377895760058764550
0.01044698341485012100
-0.00662122581856398100
30.20013733095254300000
0.00000326177420587004
0.00000368474582507447
-0.00000167996322628692
-0.00000264187497442746
0.00000035116336386191
0.00000424032924235965
0.00000123382275653490
-0.00000127599550037263
-0.00000024116219692260
0.00000301735529323349
-0.00000007234628963069
0.00000043696590903906
-0.00000808559128463777
-0.00000365380784271658
0.00000704590854869747
0.00000667792645927041
-0.00000394668675814416
0.00000576631769557614
0.00000588900416597950
-0.00000970114199576106
-0.00000224255040350744
0.00198650686761584270
0.00869208689715886620
-0.00547568242861395760
-0.00515611134046243570
0.01044698341485040200
-0.00662122581856451710
30.20013733095259000000
0.00000326177420587023
0.00000368474582507261
-0.00000167996322628918
-0.00000264187497442635
-0.00000062501264137779
0.00000424032924235584
0.00000123382275653376
-0.00000127599550037064
-0.00000024116219692423
-0.00000329520446737653
-0.00000007234628963074
0.00000043696590904348
-0.00000808559128463971
0.00000243741167489586
0.00000704590854869144
0.00000667792645927167
-0.00000065933947793077
0.00000576631769558450
0.00000312043914136148
-0.00000970114199576774
0.00000319937012233193
0.00198650686761573610
0.00869208689715887310
-0.00547568242861397500
-0.00515611134046210260
0.00377895760058727860
-0.00662122581856460730
30.20013733095258200000
0.00000326177420587005
0.00000368474582507362
-0.00000167996322628942
-0.00000264187497442316
-0.00000062501264137716
0.00000035116336386059
0.00000123382275653170
-0.00000127599550037176
-0.00000024116219692163
-0.00000329520446737636
-0.00000301735529323448
0.00000043696590904848
-0.00000808559128464459
0.00000243741167489506
0.00000365380784271346
0.00000667792645926883
-0.00000065933947792906
0.00000394668675815279
0.00000312043914135892
-0.00000588900416598798
0.00000284608853413701
0.00198650686761548800
0.00869208689716024180
-0.00547568242861342510
-0.00515611134046370730
0.00377895760058768100
-0.01044698341484965100
30.20013733095253600000
