-14.19463994812328700000
5.51098615631293230000
32.16060534430877700000
11.44319528191739700000
3.19157695781008850000
-9.11217334465733760000
-5.49649791858135470000
3.75837526818731550000
2.89284990421807640000
3.06262579712272840000
-0.14370659111160156000
17.14759070196302600000
-1.34910313061300440000
-8.45545499168031610000
-3.16820469771763280000
-3.41052579964013480000
-17.18987999435428900000
-21.42537275931656600000
-30.68980272620320400000
12.15780435514610100000
25.86654233263446300000
-1.20918701282577330000
-1.84561220666093590000
-2.52843166359807240000
-1.54350946824493260000
-1.46186915275245900000
-1.10625481177246020000
0.09339725312769883700
6.13193505614521770000
9.31143745352283860000
37.66580360297296400000
16.18010717826996000000
3.43298357229931210000
-8.22861688641792810000
10.03996569473738800000
20.41154174817279800000
1.39063331068764630000
-3.30573884119937000000
-10.83194644398313000000
18.51510854106891900000
-3.47970050074744820000
-9.44130303234942940000
-3.17455036714153670000
-5.99220412196012740000
-17.55616462990880300000
-19.65191417467829600000
-34.78456477949303100000
11.51565451231028100000
24.74157926018679300000
-1.27604053256852450000
-1.17871511874447420000
-2.38506443404698090000
-0.99154040523569043000
-0.97073164599898587000
-0.68559898995031476000
0.13484098695150551000
4.05454967260200850000
10.88079634269784400000
14.73456520474542800000
14.28650833154912500000
3.80288535244413460000
-10.42154453860071200000
22.44234855409460400000
25.96472928200137200000
2.20370534936238150000
-15.89987995854503900000
-5.28303351576128130000
12.39251505562176600000
-7.25971941488548820000
-16.95051578633491100000
-2.12928633050858810000
-2.90700725078020650000
-10.41958643933277700000
-13.79300660814602600000
-35.45379536553294700000
14.07848394523069600000
26.56460513193950500000
-2.82650370844978350000
-1.36409772211002740000
-1.53165289002517090000
-0.39290998620617301000
-0.12586553248020527000
-0.17613531922041070000
0.15525341868054324000
4.37689114855472110000
2.02052449031221970000
2.86511116478851320000
-6.65938596587311780000
5.39704412557693840000
-7.65952338438951500000
4.39392443284143570000
5.38562516299173400000
0.87860276936113357000
-15.48737363905631700000
-3.40341282747203970000
3.10566932433116350000
-1.15026509155086050000
-12.74424067229453800000
1.51513528946940860000
0.51812332162018770000
-4.09450394573952450000
-6.12280504024795040000
-13.34003868700674500000
12.91062156410278700000
22.20842520474792900000
-1.72642246907269440000
-1.09838487873062560000
-0.64029709498161391000
-0.48121821392209541000
-0.57137731796697289000
-0.84039349721167245000
0.08986153045294742500
5.57957239419576820000
1.96693156930108070000
4.53146560910006800000
19.91191543328957200000
18.83199624571634700000
-7.81826417426019480000
-1.26787367730108860000
-8.80109450187137910000
-15.49431656939529700000
-2.00655104350247140000
-3.42853025661049720000
-0.35152009075703289000
-2.04444076152537460000
-5.38456473794957620000
1.22277113898260060000
8.82650345200393010000
-9.83254030905794530000
9.48263443298784380000
-14.04817579843016300000
12.52312468449508700000
8.93221387439317560000
-4.54056179278350580000
-3.10698661725518790000
-1.59110668198356460000
-0.09309906069169976400
-1.45292663261864190000
-1.86513288001082090000
0.20957425114644837000
4.86423949293989910000
-0.18817611224106701000
4.72896287580421770000
32.20996752535322800000
25.01056785218586900000
-9.82042373129094060000
7.52916873809670140000
-7.94522217266648130000
-25.86256421545233400000
2.49402817671831430000
-6.09109313995804240000
-4.11097199991384340000
-9.98812879320015590000
-1.67313412084353330000
-0.11898509196964281000
11.61986751858006200000
-6.62882895384719180000
10.62721829857147400000
-12.11382986545599000000
15.38285993359267900000
-14.02831682733657500000
-3.70583034455018370000
-2.25993787222830010000
-0.75338905102633613000
0.79387562237622000000
-0.93650575262521318000
-0.04624023194513163200
0.16581736457773188000
4.85563771381669080000
-0.82341373344801450000
4.89957208620918290000
35.53112729899054000000
23.33813075989680300000
-12.91739852642514700000
10.46318163697988800000
-6.78763117946748110000
-29.96276988646619100000
-3.10778708634042510000
12.78857200066680600000
-4.61780981896341200000
-12.50485571361794600000
-1.93677745952433390000
7.73096326353613960000
11.80410445258619300000
-4.79709311535517720000
-1.89586152014433960000
-6.40767000957886350000
-8.28863178737385910000
-28.78261631422253000000
-3.12667838467803040000
-1.65343451269098060000
-0.22156685331184714000
1.36294047951732060000
-0.54929002790869585000
-0.73196699322980840000
0.14864528920468945000
5.36823410913569710000
-2.58995448526757780000
-11.79746714312691900000
1.44508180349066010000
2.94864385178692070000
2.02020180525666240000
2.10085838290328160000
-1.00551672608154120000
3.03972474538515190000
-2.75153151187780540000
-1.65287806287801490000
-6.63628450142275830000
7.26861085595294830000
-1.96694643994168690000
1.49698597726277940000
12.12808271740746100000
-0.37735828176725555000
6.51264840349283420000
-2.63066670645821300000
-8.75263903549671160000
-1.88776457604698520000
0.59476292803870656000
1.00899083925959720000
1.40980203237654100000
0.91064582607008659000
1.54702599826864700000
1.59741814488691760000
-0.06139246072835227000
0.72849726810309234000
-4.09581389868273240000
-14.10373628126398100000
1.77148038815775140000
3.37372895145092850000
1.94113950151366030000
-3.59946808393342190000
-6.84406323741647340000
6.22862267738080180000
-2.17722787839134660000
1.27695414812846410000
-7.39195469898017790000
7.20435735024488540000
-1.25733432291005980000
1.96592153168550320000
15.44376074763697400000
-1.09517692401818630000
5.88558824073261810000
-3.46121269501374230000
-8.24849163143786330000
-2.23378737180635630000
0.74475584159597630000
0.74905131216383991000
1.46852988012349720000
0.69697071062300009000
1.88397853198196000000
2.04522566827465010000
-0.09948762334155965300
1.35251064832164650000
-4.23413587616707860000
-4.39238720277135640000
-1.38045686265869550000
4.14059512604568170000
2.72414503698016830000
-7.90850482280073220000
-7.49001755986090160000
11.33155984041801500000
-4.78848701114136150000
0.65731625861575871000
-3.73308270369475540000
8.55883822592952900000
0.51173471607173604000
2.16020458467872970000
7.81696781732091760000
-0.31958209453067732000
3.41903754955936370000
-0.29313608359961119000
-8.26463099193459700000
-3.78365908204921640000
1.77764530907615280000
0.88782881485176124000
0.89470930731279819000
0.45400164518235042000
1.75684760984249540000
2.02203456237887160000
-0.12262065807139125000
0.15826102357640526000
-0.49546525338188624000
-0.92564807993089471000
-1.11648047945928290000
3.89467640409914570000
1.67218407013108880000
-0.74598605220722813000
-0.93113258797818355000
5.35774595514172350000
-2.04169105667228970000
0.30158531513444514000
-0.61451005306569995000
4.42944488654589820000
-0.18833648012925330000
0.41201359436398000000
2.02336030777305750000
-0.49283935568935749000
1.49512323240137990000
-1.36315471168860380000
-7.45858874705916720000
-2.48577939315633630000
2.56860807007160210000
1.68816102303228430000
0.86002735614113179000
0.68544847681550802000
1.82036543755036860000
2.50876372433940680000
-0.14284076599481055000
0.78532867719661104000
0.88099169304519520000
-1.18032015265653590000
-11.67579373179205900000
-0.95509828074648140000
1.74191723297723810000
-3.32246643622896710000
1.72509445146589920000
5.52555780487685320000
-4.24900397600739320000
0.00122732348488496790
2.19941994539673310000
2.58915854455780490000
-0.30097018399704389000
0.85183791177971790000
-4.38411365307022030000
3.84510489878175090000
-4.01058735373397380000
7.64623811037576400000
-3.44247788162395630000
2.29426212878838420000
3.50002452210767690000
2.40303509942625300000
1.29081173130111520000
0.20512235326710679000
1.19725365744569560000
1.74059737231592780000
-0.15820431148843911000
0.83040844856889673000
1.26619386057960130000
-1.52302950441599010000
-14.25299752882537300000
-2.34868399362880000000
3.36123113447789420000
-5.66951360814124430000
1.03424526800270990000
8.60853393149882070000
-8.35173519646032330000
3.26344470943269860000
2.75288261462765330000
4.93599519855883880000
-0.82644583251075787000
0.82824832868089615000
-4.83986153749814370000
6.81667611367474540000
-4.26968557606556500000
14.64841284711940300000
-6.42200746189887010000
0.64683343189881259000
2.74245764076318110000
1.87093958370501070000
0.99035748185953953000
0.09526655022490698700
1.11008589352817830000
0.24289322660822843000
-0.10977869294964027000
1.38326393504162430000
1.10108732944374800000
-1.94890225839680790000
-14.33647795425969200000
0.81437473335162947000
2.17169102176151530000
-5.62355557222952920000
1.30970072494608130000
8.83997592523534340000
-10.48501427073129800000
1.62158009457216990000
2.65780572334150510000
5.03697952162128800000
-1.82557232507189630000
0.61495631847797549000
-5.27702023222183850000
6.04296164757555230000
-1.78511499822714660000
15.39147415329204100000
-2.46098490549252700000
-1.18182244827045490000
2.12442979755320490000
1.44568687001935150000
0.72059474497785381000
0.01428899504182876100
1.29880203665535790000
0.19316198509373078000
-0.07964918560850119100
